9
543	61804.75	1847	1.15	1544	48192.05	1	96	256
347	54283.95	1085	0.80	54	46585.31	1	58	576
342	64182.76	1037	0.50	977	44115.50	1	30	149
90	63819.00	274	0.55	295	40568.47	1	0	15
219	61804.75	751	0.57	837	41484.25	1	0	29
322	67533.16	1090	0.71	543	39048.92	1	0	65
272	66855.79	884	0.68	793	39615.90	1	10	85
256	70230.59	837	0.61	607	36590.51	1	70	15
891	61805.35	2969	0.61	2167	41398.61	1	26	46
542	63343.68	1726	1.01	1311	38456.48	1	58	204
400	59252.77	1302	1.02	1093	44884.59	1	0	19
443	58191.22	1490	0.65	1241	45967.29	1	10	16
430	57653.47	1455	0.67	1384	40733.16	1	44	53
727	58974.23	2077	1.04	1591	37015.96	1	30	23
1146	61153.79	3588	0.82	3111	45632.26	1	5	45
366	63560.48	1238	0.70	927	39083.78	1	0	16
646	68063.45	2100	0.61	1561	33621.37	1	5	31
117	69544.98	352	0.45	364	31994.52	1	25	23
66	68063.45	216	0.40	149	30378.19	1	0	52
228	70130.75	785	0.88	540	26914.43	1	40	53
743	68263.57	2501	0.85	1853	29841.78	1	20	277
130	124153.95	412	0.67	608	27001.26	1	46	194
212	72017.20	655	0.67	667	30014.89	1	10	379
849	63496.68	2835	0.93	1684	34043.45	1	50	389
492	67353.19	1520	1.20	833	33503.32	1	74	236
623	71661.11	2085	0.58	1427	33407.39	1	54	229
386	79035.03	1349	0.77	1013	29719.03	1	0	152
57	121667.83	176	0.30	2880	26898.72	1	10	30
520	73556.77	1802	2.64	1432	27839.24	1	50	16
705	118132.13	2383	1.19	1679	29506.77	1	324	291
1159	111384.53	4047	2.35	3985	25519.90	1	0	276
272	68697.68	893	1.00	411	25926.62	1	0	54
467	66834.24	1521	2.11	1890	26400.75	1	0	165
1565	66532.12	4902	3.07	2760	27159.75	1	15	225
539	74218.96	1916	1.24	1909	29843.91	1	132	347
608	76793.98	2078	0.79	1261	33736.07	1	0	149
265	74305.85	944	0.62	89	33565.01	1	0	42
66	67687.57	253	0.91	422	29851.84	1	0	29
419	121744.18	1457	0.82	828	34548.31	1	0	104
657	119930.02	2317	0.81	1221	34685.45	1	102	131
505	66078.61	1780	0.67	1598	37722.57	1	0	37
388	69841.65	1437	0.82	1287	35176.81	1	25	87
658	69841.65	2373	0.78	827	33990.11	1	29	70
145	64811.92	432	0.84	299	31892.72	1	62	89
253	68718.70	684	1.12	954	31412.61	1	91	574
328	65084.45	1003	1.33	1506	30373.69	1	0	171
64	69164.06	207	0.72	254	30919.84	1	23	331
203	68501.70	718	1.02	1224	30594.87	1	5	10
636	53294.01	1931	3.07	1609	28214.37	1	273	1121
1324	48805.57	3179	3.77	2572	26994.07	1	380	468
232	40659.26	510	5.18	356	26539.25	1	301	39
268	58321.09	1006	6.10	522	27788.24	1	29	988
430	45799.80	1085	4.85	705	26089.62	1	261	2423
75	54612.96	183	2.14	107	25669.09	1	10	2165
1091	52690.45	3083	4.19	2704	24687.43	1	105	1853
1154	47933.90	2513	3.80	1710	24869.17	1	475	1084
344	56482.94	1059	2.73	876	23305.44	1	50	1050
1156	68989.39	3445	2.99	2609	23475.97	1	209	244
2	61831.00	4	0.00	0	25230.60	1	30	90
363	56083.75	1130	2.62	838	24253.10	1	15	132
163	77059.20	539	1.21	1453	23801.55	1	0	20
286	50690.07	914	3.02	517	23328.09	1	291	45
1688	51791.01	5231	3.31	3294	21960.87	1	741	832
1696	51273.10	5209	2.72	1618	20807.76	1	872	1088
1885	49738.46	5343	4.53	4497	20822.85	1	151	1278
1277	66842.28	3983	2.82	2501	21290.97	1	81	1167
1036	53111.75	3235	2.85	1893	19959.96	1	74	280
1169	49801.55	3507	2.93	2707	19104.27	1	3	373
901	49427.60	2362	3.21	1145	18509.48	1	40	296
11	52528.56	27	0.46	106	18107.26	1	200	1900
355	52248.10	1049	1.89	657	16405.44	1	0	247
88	52510.50	253	2.03	946	16806.96	1	200	2867
2918	58031.29	9007	2.99	6739	22955.91	1	173	650
275	99533.83	749	2.05	263	24877.01	1	0	228
1048	69451.75	3586	2.16	2106	24876.19	1	259	123
618	70233.05	2103	1.70	859	25432.06	1	97	93
104	68074.17	331	0.71	135	24763.41	1	0	84
112	69155.52	371	0.90	339	23401.91	1	0	136
322	69155.52	1048	1.72	1041	22554.20	1	253	400
1289	64285.31	4224	2.97	2252	23277.90	1	87	186
1548	61891.50	4741	2.91	3155	21670.93	1	61	149
2026	45564.03	5947	3.39	4076	19862.69	1	220	358
1839	56001.04	5076	4.40	3282	18229.75	1	0	554
48	66065.61	140	1.75	118	18900.73	1	171	2167
0	66752.74	0	0.00	0	20811.52	1	0	129
125	66075.66	359	0.81	1185	18307.76	1	0	239
205	56292.99	548	2.19	474	16689.39	1	140	41
1327	55845.60	3716	2.67	2282	16982.90	1	915	329
0	52730.69	1	0.00	57	16396.17	1	2128	78
1394	74800.24	4353	2.54	2592	21448.07	1	40	1495
584	64932.54	1839	2.66	1039	20137.85	1	51	100
1212	64932.54	3333	4.29	2106	18705.56	1	85	493
727	57963.67	2066	3.24	1223	18244.58	1	616	548
906	75457.36	2677	2.62	1554	19633.75	1	41	616
1133	131560.33	3624	1.16	1510	22849.62	1	30	341
319	78597.76	1007	1.10	1459	23106.52	1	5	185
950	71989.31	3526	0.95	225	27207.58	1	53	597
591	72181.87	1846	1.31	1930	26604.89	1	35	146
129	82576.00	437	0.77	223	22377.23	1	0	5
417	46938.39	1152	3.31	876	14927.01	1	214	950
97	56292.99	210	1.82	278	15891.91	1	85	573
1788	85146.29	5067	3.36	3256	15176.84	1	362	835
288	53206.33	732	13.67	554	15057.05	1	603	1964
1388	49311.20	3717	2.97	2303	13977.41	1	63	402
63	52332.82	179	2.50	104	13106.50	1	126	1833
986	50563.51	2773	4.45	1700	13762.33	1	58	2124
539	48316.92	1570	3.41	893	13939.84	1	398	508
370	52128.00	1065	7.46	530	13038.97	1	500	2550
66	52307.69	197	3.60	0	12936.97	1	593	1540
343	52128.00	1003	2.90	689	12271.98	1	0	156
644	52307.69	1807	2.60	1189	12194.66	1	30	48
981	49082.61	2226	5.27	1518	11027.10	1	0	91
0	36458.10	0	0.00	0	8902.11	1	321	1451
0	36458.10	0	0.00	0	6991.77	1	0	2025
750	49082.61	1922	4.46	1125	10950.09	1	627	682
1274	79704.99	3201	3.74	1962	10838.90	1	800	282
1755	51316.63	4327	3.45	3058	10845.28	1	285	964
674	36934.45	1519	4.47	1068	8804.73	1	40	1566
1122	42762.54	2773	5.06	1545	9180.26	1	742	381
973	44025.72	2667	3.11	1640	9297.21	1	594	105
836	36973.98	1995	5.21	1049	6973.37	1	52	300
1410	39988.89	3256	5.63	1873	8071.35	1	225	225
1394	65060.79	3319	5.75	1923	6877.00	1	399	1276
3229	40758.80	7746	5.14	4766	7671.39	1	642	1111
327	51928.96	1060	0.42	776	54043.15	2	0	27
1287	50847.04	3757	1.01	1825	44450.40	2	214	533
591	51925.84	1734	0.66	469	55659.38	2	25	74
1808	56543.29	4785	1.48	5725	46529.76	2	477	1569
1441	49103.08	4113	1.66	2132	59037.07	2	239	1022
492	58922.94	1458	0.73	840	50491.09	2	42	302
114	65456.55	381	0.55	187	40433.12	2	0	20
280	65425.57	915	0.61	441	43251.09	2	0	89
354	62653.94	1137	0.57	240	50239.35	2	13	27
504	85987.84	1931	0.79	211	38442.32	2	6	268
756	82928.98	2354	1.14	965	32793.19	2	65	588
535	75998.40	1567	1.16	965	29179.53	2	0	138
86	124064.77	282	0.91	493	27333.25	2	0	253
401	90361.83	1263	1.46	870	25869.90	2	0	51
1672	77600.45	4691	2.36	4528	24415.70	2	316	958
439	77509.00	1401	2.00	745	23187.93	2	0	22
511	83557.07	1398	2.57	2526	25566.01	2	15	1351
107	83667.07	303	0.99	1378	27403.43	2	63	703
12	83964.30	33	0.65	364	28683.05	2	0	0
109	116012.39	339	0.95	307	26808.66	2	15	300
138	114917.78	428	0.84	107	28808.23	2	40	366
6	115092.76	27	1.42	79	28353.53	2	14	0
173	75033.21	502	1.92	476	30134.85	2	8	2817
129	69051.87	407	0.74	293	31896.32	2	0	1406
15	60781.83	46	0.53	298	35009.85	2	5	31
1334	65435.46	3448	4.17	3839	32502.47	2	15	605
1218	67423.10	3207	3.40	3216	31508.89	2	205	425
467	55156.37	1579	2.21	300	33420.67	2	30	50
683	50053.25	1711	5.10	1192	32500.58	2	193	995
292	49188.73	749	3.20	380	34634.16	2	52	914
58	48560.60	165	0.90	62	35125.50	2	44	135
262	65408.03	744	1.61	511	37511.93	2	41	54
281	64592.61	850	0.54	761	49450.72	3	7	295
447	62492.31	1405	0.55	1060	40758.37	3	5	245
460	61139.72	1480	0.61	1086	39692.13	3	49	224
269	64595.10	742	0.44	530	48495.50	3	30	211
501	57074.02	1523	0.85	943	43495.52	3	55	165
175	57091.47	581	0.63	430	40660.73	3	15	65
239	57092.63	805	0.49	576	44178.36	3	23	77
546	71525.59	1926	0.65	1541	39029.35	3	0	20
139	63391.73	490	0.43	404	37241.96	3	10	159
234	71663.76	796	0.58	443	34576.93	3	5	65
511	64455.44	1711	0.76	1145	31695.89	3	20	197
118	61262.14	359	0.68	88	33281.16	3	0	82
308	64406.17	981	1.02	659	28624.96	3	0	85
1358	54068.68	3529	3.26	3567	34326.39	3	392	1758
129	66003.94	421	1.01	226	33523.08	3	0	107
577	66913.05	1990	2.27	1706	30445.08	3	0	85
752	64736.00	2399	2.67	2092	27840.33	3	5	75
1744	65379.81	6022	2.53	4047	27326.36	3	94	121
708	79301.92	2247	2.16	3818	28483.03	3	0	53
83	59217.94	290	0.86	179	31792.94	3	5	65
1067	49314.07	2787	3.47	1784	34137.08	3	422	741
46	49211.09	144	1.32	211	35700.84	3	0	2912
519	85547.07	1760	1.78	1525	35938.38	3	154	536
87	85907.00	264	0.80	131	35937.77	3	10	58
357	84362.93	1131	1.27	566	33305.72	3	10	172
798	81203.01	2612	1.68	1461	31355.63	3	341	160
515	87865.32	1410	1.62	1034	31439.94	3	5	106
128	87395.99	419	1.64	306	30028.10	3	0	110
1047	84317.11	3369	2.07	3835	29413.85	3	10	398
1171	87589.21	3893	2.27	1471	27671.94	3	0	67
892	54106.23	2157	4.44	4602	28529.29	3	0	27
1154	60893.83	3257	1.98	1680	28085.42	3	0	52
2	60887.00	2	0.00	2	26635.84	3	68	1175
2104	66615.04	6274	2.74	2220	25046.40	3	169	533
922	52525.27	2766	2.87	4060	24784.88	3	30	22
2	53922.62	2	0.00	0	25827.76	3	1290	626
574	54017.03	1108	15.11	1103	26561.58	3	2822	1294
43	54038.91	136	1.12	337	27391.90	3	50	120
792	59841.93	1898	6.52	2930	26674.07	3	0	315
1260	56571.01	3327	3.28	5964	25459.96	3	16	94
35	42264.87	306	2.23	330	25615.43	3	350	1000
301	42106.21	630	17.27	574	25897.86	3	898	643
1290	42365.07	2905	4.18	3038	24325.15	3	257	429
2604	60448.60	7234	2.96	2657	23817.45	3	86	1278
1616	68812.66	4522	3.07	1764	21593.61	3	0	120
1307	47241.36	2759	7.28	1318	22534.10	3	513	1088
738	51845.55	1880	4.35	1521	23587.95	3	68	507
263	52078.06	647	4.18	557	23482.95	3	316	438
0	51339.88	0	0.00	0	21967.91	3	820	1895
0	55276.07	0	0.00	0	20944.45	3	113	1474
221	55229.80	411	12.28	653	21531.73	3	523	1771
543	55403.81	1418	3.02	1724	19648.11	3	235	98
1293	54997.59	3756	3.13	2902	19222.42	3	30	1729
272	58558.13	909	2.05	1497	25387.72	3	257	612
1587	69221.34	4695	3.40	4527	23511.43	3	47	495
501	80193.18	1568	2.85	1555	24226.25	3	395	1759
1807	62215.98	5712	3.05	3881	26628.56	3	638	499
1653	62363.62	5085	2.82	3297	25094.40	3	438	659
653	87013.41	2132	1.88	1945	23733.16	3	0	30
1005	89184.70	3073	2.17	1956	22627.72	3	10	100
968	46725.95	2288	5.14	1697	21531.89	3	0	51
105	90957.53	350	2.26	428	21030.36	3	10	345
1145	81303.49	3998	2.10	3678	22690.09	3	0	110
1449	84177.74	4788	1.94	3970	21154.57	3	0	73
494	70738.93	1575	2.66	2657	24628.90	3	98	224
1615	77275.56	5141	2.01	2671	21297.48	3	260	972
544	72312.48	1530	1.61	685	20915.24	3	109	126
23	81157.54	81	3.30	0	24046.36	3	0	900
43	81380.78	130	0.70	69	21079.79	3	0	419
22	81373.20	52	0.72	16	22021.02	3	0	200
104	77346.02	299	0.75	186	25230.67	3	15	115
135	63001.41	421	0.54	324	24843.44	3	0	35
106	65500.59	384	0.70	212	27325.90	3	0	65
2864	65874.56	8511	3.32	4635	30171.15	3	976	1312
1355	47697.58	3733	3.68	1730	28326.68	3	129	2576
465	45555.40	1072	3.26	1005	31033.04	3	165	789
717	45692.41	2124	3.19	2488	32145.69	3	164	871
702	71549.01	1929	3.56	2097	19479.47	3	0	130
152	78636.99	473	2.17	270	19764.18	3	30	68
1314	80751.63	4026	2.35	2655	19332.44	3	50	100
2278	87275.29	7233	1.79	7941	17367.99	3	20	278
1079	93067.39	3099	2.21	4326	14867.75	3	20	329
512	96078.18	1558	2.25	1002	15404.88	3	23	637
92	96687.18	278	1.20	1189	15765.97	3	30	104
1323	61435.85	3226	3.38	2370	17640.19	3	45	138
1188	60749.55	3615	3.57	2376	18447.58	3	1092	520
2725	50529.06	6715	4.93	5326	16751.86	3	200	543
109	47852.97	212	6.50	215	15618.72	3	263	979
1254	74689.29	3401	2.06	2327	15124.03	3	211	3050
990	53541.87	2367	4.52	1983	13904.69	3	800	250
1256	68891.21	3230	3.67	3309	13360.31	3	0	30
129	68506.46	423	1.43	705	12074.19	3	10	1658
19	68087.51	61	1.05	0	10955.00	3	0	0
8	68229.00	29	0.64	2	11884.35	3	20	1557
5	66624.11	10	0.93	348	12404.89	3	35	401
658	51405.60	1304	4.23	697	12437.88	3	0	264
1243	47897.43	3083	3.75	1911	13130.64	3	155	1363
10	47792.73	30	2.73	2	12920.50	3	10	766
150	51169.73	436	1.34	394	11652.15	3	0	238
80	51381.10	236	1.04	83	10928.16	3	40	2893
123	66902.94	360	2.27	103	10801.74	3	20	1431
19	68316.01	44	1.48	11	9946.38	3	0	100
9	68199.47	31	0.49	5	9994.51	3	20	261
138	47488.77	413	0.70	326	7970.04	3	0	15
623	51357.38	1395	7.23	1056	7407.85	3	740	238
134	61571.60	411	2.39	176	8046.39	3	0	150
71	61666.75	147	2.20	133	8953.67	3	30	42
822	51184.97	1766	11.67	3287	8398.09	3	67	1226
49	47482.56	134	0.68	111	9768.44	3	5	35
307	53161.39	1132	0.83	440	9820.35	3	20	217
240	61610.59	727	1.74	909	10359.28	3	46	334
627	47867.33	1644	4.54	1330	10857.46	3	248	342
410	47846.78	1334	2.51	641	11390.54	3	41	41
289	49541.22	725	2.96	576	12094.77	3	5	113
331	70946.03	970	1.08	983	15454.82	3	25	32
1741	50573.01	5331	3.52	3352	12580.88	3	69	81
416	75284.28	1352	1.82	1828	12052.78	3	5	154
409	69000.23	1412	2.11	1566	14113.78	3	0	14
71	75326.82	200	3.13	720	13198.77	3	0	579
255	56032.61	842	1.76	338	11864.78	3	0	243
24	47479.93	65	0.51	85	11318.76	3	10	0
465	81174.43	1193	2.38	1280	13363.05	3	0	90
162	81336.51	518	0.76	521	14433.35	3	0	0
187	81432.98	640	0.66	916	16978.52	3	0	90
139	81168.18	439	0.56	453	16933.56	3	0	227
31	71000.73	100	2.01	25	18216.08	3	0	200
1421	47140.47	3798	4.83	2352	10058.49	3	82	468
58	46626.50	99	5.66	97	9951.54	3	10	405
0	37550.73	0	0.00	0	8170.48	3	123	1802
1547	41796.08	3692	6.67	2344	8380.57	3	133	543
1110	45389.19	2952	4.46	1802	7641.53	3	87	144
2646	45995.76	6639	4.18	4593	6560.71	3	154	1208
3	46925.00	5	0.00	0	5089.74	3	86	154
1112	50021.30	2960	4.00	2017	5065.63	3	16	149
1011	46965.70	2534	4.75	1564	3714.40	3	30	330
704	32163.21	1705	4.37	1047	4559.75	3	317	562
1383	32512.11	2858	7.97	1873	6073.96	3	1525	1761
978	47274.45	2258	3.07	1601	5946.05	3	677	2175
2695	48579.50	5867	4.91	4273	4331.21	3	809	551
1687	46183.43	4078	4.75	2448	3080.71	3	222	305
1125	82349.51	2821	2.30	2219	7144.49	3	292	411
2	82834.45	3	0.94	0	4049.34	3	20	20
212	82689.29	656	1.05	499	6111.13	3	20	580
317	82608.00	983	1.76	748	6331.42	3	0	202
535	74448.77	1724	1.84	2195	8091.11	3	106	250
151	71427.67	494	1.23	372	8429.80	3	10	524
394	71620.26	872	3.25	665	8751.34	3	44	238
15	71417.94	29	0.63	14	9818.83	3	100	3438
0	71313.69	0	0.00	0	10505.77	3	0	0
917	82704.46	2519	1.59	1784	4502.76	3	20	114
0	316.33	0	0.00	0	9846.60	4	0	3500
0	674.61	0	0.00	0	11170.31	4	1100	8400
0	0.58	0	0.00	0	12562.76	4	130	8370
415	6865.14	1092	4.74	0	11665.85	4	0	1497
132	21352.06	808	5.74	147	9017.71	4	0	3883
0	1162.30	76	0.00	0	9653.84	4	20	3480
154	41554.83	416	4.26	202	10183.67	4	0	3612
3093	45043.24	7086	6.07	4183	9236.54	4	250	163
2115	47441.74	4670	6.39	3268	8740.95	4	286	158
1285	50626.77	3098	5.53	1977	8549.51	4	11	59
2488	58584.77	6052	4.56	3743	9175.23	4	191	358
1823	70340.02	4404	5.34	2973	8022.24	4	70	62
870	57496.24	2241	5.85	1303	7228.94	4	160	275
1059	61183.45	2591	5.59	1617	7254.98	4	80	369
1443	63101.83	3711	5.01	2272	7530.87	4	83	365
1033	87460.15	2836	4.83	1773	7619.83	4	92	165
1448	66545.34	3199	7.03	1951	8733.12	4	201	617
1155	47901.02	2742	10.53	1406	9731.23	4	900	1202
3011	72397.55	7197	4.72	4858	9224.32	4	209	374
1526	66722.39	3492	5.13	2415	9785.69	4	37	156
930	64613.65	2072	5.17	1376	9221.87	4	174	378
1218	62281.32	2698	6.47	1930	8216.73	4	435	95
857	81403.15	2020	5.54	1401	8558.96	4	41	108
1223	74695.02	2837	6.05	1922	7781.70	4	142	163
2463	60624.21	5216	6.01	3599	6859.26	4	150	239
1251	61405.24	1874	19.79	1703	5941.98	4	60	463
1268	56839.74	2495	10.68	1987	5048.75	4	176	376
2667	39472.86	4661	16.13	3166	4509.75	4	1070	650
2430	56438.18	5118	9.59	3706	6123.16	4	98	324
2641	48848.14	5966	8.92	3639	5373.67	4	180	376
2870	28422.18	6110	15.25	3151	4204.08	4	323	586
1453	32040.73	4670	7.26	2000	4089.99	4	51	350
1930	37523.22	5640	7.05	2727	5280.03	4	350	203
1261	54850.51	3047	7.06	1826	6462.74	4	205	256
943	48409.90	2474	5.91	1366	6381.58	4	22	340
1049	47984.37	2442	6.12	1490	6476.12	4	74	108
2797	43541.72	6505	7.32	4024	5393.48	4	249	314
2036	29527.65	4736	11.09	2578	4236.41	4	203	403
1209	34513.71	2809	7.32	1714	4681.36	4	40	539
976	36607.57	2475	6.44	1355	5404.02	4	53	352
1935	48112.17	4475	6.31	2874	6588.89	4	142	126
935	50010.30	2168	5.50	1246	7413.28	4	12	0
403	43063.77	954	6.16	614	6366.56	4	12	390
1496	45376.06	3158	6.74	2069	7939.71	4	211	387
1768	43456.07	4211	6.19	2225	7101.86	4	222	689
1669	59658.88	3912	5.83	2365	6524.92	4	40	308
3009	36205.03	6867	7.60	3804	5571.23	4	359	1325
1656	40810.31	3689	36.42	2180	5016.38	4	274	628
409	44889.39	1119	6.50	700	4773.77	4	20	207
1040	44782.22	2542	6.12	1419	4662.34	4	47	784
76	47452.58	171	9.38	144	4363.76	4	37	2745
25	30344.13	458	4.48	27	3269.93	4	81	501
50	25087.22	1115	48.74	47	2683.93	4	244	222
554	25010.69	3547	18.42	1206	3394.37	4	316	16132
599	18952.18	985	52.64	470	2050.81	4	267	312
179	17019.01	1228	5.91	238	2877.81	4	550	4619
298	14702.72	1294	9.13	386	2649.33	4	600	350
1845	31582.41	3363	18.48	2099	4030.09	4	799	1329
1480	32252.94	2903	14.24	1616	3349.84	4	872	2333
1700	14681.50	2863	55.72	1282	1991.26	4	135	96
2613	21358.01	7041	11.39	2767	2547.56	4	311	3269
672	26938.60	2117	9.71	460	3688.81	4	361	648
698	26466.43	2068	8.53	908	3329.18	4	1800	4302
1318	19226.14	3131	13.23	1273	2248.85	4	93	1674
3676	26145.96	6410	30.55	3015	2246.49	4	404	3571
1242	22739.91	2890	15.58	1187	3232.96	4	217	3751
2474	28001.33	5140	20.08	2724	3305.73	4	732	2089
3356	28503.67	5934	20.21	2226	2549.31	4	306	818
3513	32194.90	5933	23.20	3265	3407.80	4	1073	1709
3964	48728.13	7177	11.98	4688	3178.50	4	1059	853
1351	81154.51	3056	6.25	1918	4125.40	4	193	621
821	77528.29	1978	4.13	1254	4661.24	4	400	1788
866	59772.19	2140	5.02	1553	3795.95	4	400	69
779	42813.27	1878	6.70	1313	2454.28	4	48	698
43	46571.49	70	3.58	284	2116.02	4	250	1038
851	20019.32	2986	9.09	754	2227.12	4	150	929
1600	19893.99	5047	8.82	1525	2413.12	4	150	1328
1410	36746.84	4333	5.10	2242	3695.51	4	50	65
815	32914.67	2250	5.64	1240	4394.56	4	50	12
934	25760.56	2916	5.79	1592	3137.92	4	167	440
798	24381.18	1812	7.48	1033	2313.09	4	516	415
12	22452.24	23	0.00	7	1173.58	4	45	3042
2	23952.10	142	0.00	6	1049.15	4	252	1541
214	54761.15	330	111.00	292	1026.98	4	55	2342
74	55103.13	122	1000.00	58	483.56	4	339	984
986	35754.00	1259	115.66	740	411.96	4	96	8276
303	36039.16	320	82.22	112	339.74	4	658	2412
0	22390.28	0	0.00	0	1183.62	4	250	1010
31	24034.29	36	0.00	93	1219.82	4	130	918
187	31805.39	207	30.36	295	1431.46	4	100	158
1444	31341.08	2004	62.33	1102	1545.35	4	229	1492
1735	27035.60	2381	57.86	1400	1982.71	4	220	615
1521	30734.68	1990	71.87	1699	1415.41	4	1209	1701
84	38116.60	285	7400.00	0	876.67	4	550	8999
201	38100.09	438	0.00	27	804.00	4	233	807
241	38115.03	489	83.75	13	820.05	4	2914	21810
4	32293.04	4	0.00	0	1360.95	4	120	260
951	18566.86	1868	32.51	627	1485.02	4	61	785
727	26750.12	1594	3600.00	690	1028.59	4	104	6395
73	26444.45	193	0.00	0	788.44	4	156	8914
0	35760.50	0	0.00	0	380.40	4	2563	16531
269	35754.00	399	110.58	125	140.41	4	445	11853
9	39703.09	423	0.00	0	702.06	4	139	13383
1029	17981.27	2167	24.41	657	1592.34	4	118	4558
20	39425.50	36	25.64	4	1377.96	4	230	1745
2	42835.20	15	0.00	330	1187.18	4	350	520
227	24621.20	452	17.00	266	1415.87	4	521	742
2536	25371.55	4724	21.02	2151	2039.75	4	223	1489
1300	19487.16	3558	15.37	1286	2553.09	4	587	861
0	34324.72	0	0.00	0	4175.71	4	70	1561
46	33853.00	118	66.57	67	4649.99	4	70	884
1530	33853.03	3809	8.13	1914	3519.95	4	177	1000
693	33852.08	1711	7.66	958	3492.30	4	0	186
0	33853.00	28	0.00	0	4447.68	4	283	6146
0	33891.60	0	0.00	0	4783.37	4	550	1336
0	33857.94	0	0.00	0	3541.96	4	95	1828
497	33324.32	1287	8.31	621	2509.82	4	68	1143
1597	34340.71	3040	11.03	1736	1903.12	4	613	1261
60	44224.32	121	0.00	134	867.75	4	0	206
710	39270.16	1360	10.60	390	1255.65	4	450	272
174	33125.00	492	6.78	479	1765.77	4	310	622
3	17782.66	8	0.00	0	1794.29	4	84	903
559	31415.18	1442	7.53	900	4682.36	4	134	51
2241	44764.83	5425	5.95	3282	5796.95	4	99	148
276	40170.57	696	5.30	422	5827.48	4	20	38
1652	38864.86	4057	6.34	2412	4944.92	4	35	47
1892	31165.10	5540	6.67	2349	3860.60	4	148	239
2373	23492.68	6746	8.68	2344	3238.26	4	247	1283
1651	35278.93	4356	6.66	2045	4388.89	4	72	827
816	39959.81	2051	6.80	1177	5410.61	4	77	533
590	31798.61	1299	6.14	762	4811.55	4	250	369
237	32027.50	580	5.39	408	5496.64	4	695	1673
24	18973.45	41	0.00	5	2925.92	4	68	2634
1301	34607.83	2671	7.77	1444	2789.80	4	383	1415
2602	32221.29	6002	8.90	3442	2995.56	4	181	3318
1058	38844.09	2500	5.63	1610	4959.54	4	94	811
4821	45465.06	11374	5.38	6189	5463.73	4	271	597
2913	38388.53	6084	8.49	3193	3787.57	4	244	788
643	43969.79	1178	6.65	1002	5169.46	4	461	447
915	54865.55	2364	3.07	1419	6336.34	4	45	94
854	55633.70	2183	3.22	1343	6834.28	4	65	576
0	41685.95	0	0.00	0	5883.90	4	75	680
0	37143.84	0	0.00	0	4863.47	4	91	2174
1153	39119.42	3000	4.71	1364	7839.96	4	40	627
2123	35778.57	4742	5.92	2933	6744.29	4	100	322
1795	36595.62	4449	5.09	1766	7097.84	4	149	843
628	54988.54	1610	4.11	889	10346.97	4	100	329
1780	50169.52	4399	4.00	2840	11477.46	4	33	598
1954	40291.67	4640	5.41	2236	12644.74	4	166	844
552	40877.60	1428	3.86	785	12718.66	4	55	780
1003	49739.82	2528	3.99	1504	11504.10	4	34	320
427	48213.21	1013	3.55	548	10410.28	4	110	155
601	36099.47	1119	6.85	717	10467.97	4	880	192
607	49647.30	1537	3.85	413	11579.97	4	12	1153
901	45643.08	1848	6.15	1167	12757.84	4	230	167
697	49830.35	1752	3.79	863	12568.00	4	233	634
825	40684.53	1388	9.39	1129	10995.56	4	730	140
796	51836.44	1801	4.94	1113	10733.09	4	63	128
941	53987.86	2434	3.43	1424	11775.28	4	54	229
812	36660.88	1590	9.50	1095	13008.21	4	312	128
579	43667.10	1488	3.44	742	12695.77	4	0	165
694	55817.61	1631	5.02	1005	11732.33	4	200	53
507	51809.34	1068	5.22	683	10978.95	4	1300	258
832	37183.72	1344	13.03	985	13486.86	4	22	17
266	40907.70	545	3.32	665	14587.25	4	250	1873
1	40738.45	3	0.00	0	14013.71	4	257	6178
781	41363.36	1553	7.61	788	14320.57	4	56	3168
855	45824.87	2372	4.37	1510	14026.72	4	388	1591
987	49479.60	2362	3.45	1737	15617.29	4	78	82
924	53311.02	2234	3.06	1894	17555.39	4	5	989
2108	49294.09	5257	3.04	3563	18304.18	4	1222	1352
1148	50379.33	2962	2.65	1893	15919.89	4	0	80
800	42952.36	1928	3.78	1216	16362.67	4	17	926
742	44576.19	1915	2.59	1152	14769.04	4	20	211
928	45697.87	2127	4.48	1275	13983.67	4	192	1437
268	44520.66	740	3.10	420	13597.83	4	210	1588
99	45503.14	250	4.55	143	13633.12	4	335	1640
181	46453.40	489	3.40	286	13718.37	4	292	807
822	46453.00	2020	3.66	1209	14884.05	4	155	406
566	45509.64	1266	4.83	841	14803.94	4	810	3375
927	44201.94	1989	5.55	1414	16397.12	4	405	1690
205	46607.42	521	3.06	311	16294.80	4	237	1354
1274	58479.08	2776	4.12	2141	18296.43	4	40	486
1089	61822.53	3241	2.06	2191	19928.66	4	0	123
2161	64632.31	6103	2.46	4470	21052.38	4	155	605
2033	57074.34	4811	3.93	3291	19020.96	4	565	663
1609	56602.19	3999	3.03	2869	18241.41	4	40	803
917	56961.62	2505	3.99	1763	17318.95	4	90	530
591	56462.81	1615	2.56	1042	16799.93	4	0	169
37	56441.82	60	13.17	70	16954.63	4	124	3040
219	46992.08	522	3.57	354	16196.33	4	283	1932
619	46970.75	1707	2.84	954	14996.56	4	165	350
210	47078.48	248	21.10	228	13847.04	4	1028	1310
0	58576.67	0	0.00	0	14049.71	4	1359	4208
1552	58779.19	4065	3.00	2655	15087.05	4	76	2128
625	46330.67	1259	5.53	960	15039.86	4	1299	3435
1021	46363.95	2495	3.75	1714	15955.35	4	21	195
5	76232.00	11	0.00	529	15468.19	4	245	1941
1458	94925.23	3770	3.08	2977	17013.31	4	50	371
913	76062.38	2359	1.99	1225	17095.12	4	10	767
1553	77234.55	4013	2.79	3393	19313.87	4	0	87
636	65230.24	1405	5.65	1279	18682.86	4	0	137
1189	63944.47	3205	3.16	2208	20524.91	4	374	524
884	66323.50	2154	4.54	2195	21776.82	4	103	1165
1241	76220.67	3351	2.91	2644	19462.60	4	27	458
530	39397.81	706	17.02	715	13810.41	4	83	1216
1613	32594.66	2336	19.33	1471	12939.40	4	1450	856
12	47704.88	35	3.17	4	11996.25	4	3666	1884
993	48194.65	1641	16.80	1432	11300.64	4	100	4743
1013	68344.22	2386	3.48	1648	10343.98	4	0	192
448	50764.73	673	20.36	647	14223.93	4	1042	7976
1537	55526.13	3388	4.60	2568	13406.69	4	169	4337
691	48083.93	1792	2.49	1253	12317.24	4	930	2927
1175	79425.52	2848	3.38	2064	11213.74	4	55	640
1200	97235.83	2978	3.13	2337	10019.54	4	340	801
957	110029.56	2762	2.97	1857	9030.55	4	313	477
1977	67861.36	5084	3.97	3442	8058.01	4	426	711
2037	63695.95	4523	2.49	3569	10943.68	4	64	571
624	90926.12	1639	2.48	1166	11104.84	4	590	871
508	90795.52	1396	2.65	1004	12782.87	4	0	79
859	66756.94	2253	2.04	2408	12161.64	4	12	906
1159	77390.89	2493	3.31	2054	13295.14	4	100	1171
615	112082.34	1806	1.40	1355	14675.99	4	20	48
154	89247.10	485	2.74	328	13673.62	4	0	318
577	90735.28	1739	2.10	1123	12112.27	4	0	26
1148	89160.94	3221	2.36	2254	13102.61	4	0	80
54	76288.90	101	7.84	89	14176.95	4	1341	9253
0	76194.60	0	0.00	0	14915.69	4	160	2432
4	90938.93	16	3.63	2	15459.28	4	26	1413
1349	76453.96	3213	3.32	2648	14660.28	4	0	141
35	110769.15	89	3.50	93	15818.84	4	10	570
1259	100318.34	3721	2.37	2276	22321.52	4	40	440
1991	77126.35	5550	2.97	2202	20195.50	4	40	576
756	61797.03	1859	4.28	1315	18869.07	4	202	339
465	58952.40	1119	2.34	78	17711.97	4	200	524
9	77056.67	20	1.49	67	16873.95	4	116	4020
3	72875.00	6	0.00	0	16292.37	4	217	4649
1	76728.38	4	0.00	0	15234.26	4	30	3240
234	71743.25	357	116.92	524	15429.23	4	70	2743
201	72568.20	648	1.21	656	16777.59	4	28	1786
378	72719.45	1237	1.58	3984	18074.49	4	50	261
44	90794.77	150	1.37	12	21122.57	4	83	2775
215	65905.12	468	5.44	381	17823.74	4	37	1165
467	72536.83	1038	6.95	52	19028.51	4	224	1052
1202	59270.44	2395	9.65	1309	19836.63	4	50	1130
1	60543.08	2	0.00	0	18561.13	4	368	1208
0	58832.03	0	0.00	0	18537.06	4	1910	1987
1077	87954.61	2829	3.10	1599	21434.23	4	31	559
208	103175.60	660	1.17	348	24154.59	4	30	387
3	100783.91	5	0.00	0	25723.16	4	0	0
72	104579.29	234	0.90	1193	24116.31	4	0	220
348	102811.80	854	2.30	1634	23008.44	4	0	1608
428	91241.19	1322	2.34	1525	21803.25	4	0	26
315	62175.52	601	9.40	576	20032.30	4	20	1557
1481	83790.50	4504	2.95	1638	22085.03	4	190	1502
640	62172.43	1677	2.68	1449	18686.32	4	0	188
927	74083.01	2658	2.49	1173	19632.60	4	0	558
1762	88600.91	5506	1.78	2487	21205.93	4	39	194
901	44222.33	2021	2.49	1331	11999.75	4	75	505
529	35927.65	1264	5.00	712	13637.55	4	459	663
2180	33955.81	4187	9.09	2918	12878.91	4	821	2173
341	36047.79	841	2.88	859	11987.70	4	308	1254
1337	38739.97	2424	13.83	1847	11274.24	4	278	964
6	43229.29	14	0.00	2	13801.35	4	134	3446
1918	46172.19	3990	8.62	2997	13600.32	4	10	936
782	44293.43	2003	3.15	1269	9898.39	4	315	448
775	43605.17	1436	18.78	1045	10056.95	4	200	1408
823	43864.37	1715	6.71	1245	10066.74	4	467	1154
145	44699.60	168	87.29	199	10691.59	4	1673	1671
1806	48682.61	4250	5.78	2663	10452.24	4	0	454
1008	46612.47	2328	5.61	1623	9397.12	4	120	88
1197	55026.08	2717	5.63	1535	8409.45	4	292	1856
567	52424.43	1146	5.77	792	7964.58	4	49	384
171	44161.96	409	3.70	239	9113.98	4	200	3800
357	43555.45	886	3.95	711	8358.10	4	424	1162
400	47257.31	579	27.25	251	7624.06	4	946	4002
1010	46766.59	1610	15.13	1603	6746.24	4	105	678
826	37745.23	1211	18.59	965	6835.63	4	250	1095
1471	75684.30	3560	3.67	2689	6078.32	4	300	238
589	63308.73	1128	4.19	824	5537.74	4	0	667
0	44080.69	0	0.00	0	6274.75	4	1086	4349
413	42173.88	664	6.76	348	6955.41	4	75	2579
1246	41037.57	2760	5.67	1773	7789.25	4	124	1822
1980	51247.94	4735	5.44	2866	7571.53	4	50	117
864	51473.12	2235	4.27	1534	9545.79	4	86	959
1274	41720.29	2708	5.93	1697	8676.43	4	100	364
1078	57912.07	2813	2.94	1771	9841.46	4	610	328
1234	60668.86	2253	11.91	2410	14472.11	4	424	7814
587	59570.21	1132	3.81	1054	15746.58	4	175	1581
338	80418.25	1320	1.65	710	17241.96	4	61	1373
483	59973.09	1382	1.42	1193	15370.69	4	0	0
858	73332.88	2257	1.84	1915	16718.06	4	506	280
641	80525.55	1945	1.24	1529	17980.79	4	0	46
453	80562.71	1416	1.54	963	18704.33	4	0	160
482	75926.74	1543	1.74	997	19970.80	4	0	97
1423	68395.54	3528	3.02	2954	21121.06	4	350	191
781	87752.77	2363	1.95	1767	19182.28	4	175	80
383	93746.64	1135	1.12	840	20597.17	4	250	163
655	91421.18	1892	1.80	998	18771.05	4	131	314
494	96315.24	1447	1.11	969	19845.79	4	51	312
498	76286.36	1415	1.62	1391	18382.52	4	156	201
567	79095.57	1579	1.25	1367	17278.66	4	198	1513
484	79241.96	1419	1.18	1000	16102.00	4	30	28
424	59271.20	1188	1.50	718	14908.23	4	350	650
683	76428.83	1913	1.30	1288	14773.50	4	10	185
440	76294.70	1152	1.72	766	13449.88	4	300	134
826	88221.96	2197	1.40	2282	13129.77	4	45	1267
2803	51466.55	5756	4.85	4514	11379.01	4	340	2128
0	84931.66	0	0.00	0	13079.10	4	3290	238
115	89110.26	327	0.80	214	14479.52	4	1308	598
708	89928.74	1949	1.25	1723	14628.46	4	0	37
692	101507.12	2354	1.05	1551	16315.63	4	115	141
193	97626.99	569	0.96	344	16960.42	4	64	2796
492	75482.41	1316	1.59	800	17325.77	4	50	773
176	102346.92	496	0.50	414	19321.13	4	25	75
697	57272.19	1389	4.62	1192	25307.80	4	562	774
661	90271.32	1554	2.51	1299	24720.57	4	70	213
378	100474.66	1237	1.42	1214	22749.05	4	0	165
1030	83283.49	2630	1.31	2308	22979.45	4	114	437
642	102515.31	1639	1.19	1435	20824.43	4	70	439
338	50764.23	900	1.02	687	24737.66	4	155	246
616	58329.37	1590	1.76	1190	25972.09	4	60	73
984	93364.84	2938	1.10	2808	28413.13	4	137	219
312	55329.54	860	1.29	607	27666.95	4	10	148
1047	73087.51	2309	2.87	2215	28844.25	4	342	590
1262	70291.21	3334	2.62	2382	30381.16	4	25	91
404	77635.59	1150	1.51	889	32391.57	4	0	34
464	62520.14	1183	2.32	802	30596.02	4	260	281
1253	72091.71	3222	2.13	2575	30632.90	4	175	666
751	78965.89	2120	1.05	1346	35123.88	4	10	597
1227	78861.38	3403	1.39	1984	36546.22	4	123	347
1621	65330.10	4827	0.87	3470	34752.12	4	216	1093
539	85045.52	1557	1.20	1042	27897.13	4	98	488
86	85179.11	248	0.80	345	23923.28	4	54	748
396	85168.20	1229	0.87	586	23275.53	4	34	933
153	85167.83	466	0.59	383	22641.91	4	0	12
676	90169.62	1743	1.36	1187	22963.07	4	143	433
842	93799.82	2355	0.91	2090	28057.20	4	30	114
365	91655.06	1060	0.71	778	22121.14	4	265	481
679	91223.61	2046	0.92	1435	25328.43	4	18	536
46	92865.76	140	0.82	55	26364.81	4	10	761
251	66449.76	661	0.77	516	20852.26	4	400	628
362	65833.00	803	3.20	642	18878.96	4	382	1118
587	65867.41	974	3.86	1215	18850.00	4	1032	1755
929	80412.75	2605	1.85	2029	19153.38	4	30	432
726	78994.32	1967	2.19	1810	17928.21	4	86	65
347	98172.34	767	2.10	894	16374.66	4	250	678
0	99091.13	0	0.00	0	15389.65	4	200	172
161	58311.51	482	1.68	365	14603.13	4	417	394
907	58830.14	2186	1.92	2109	13003.90	4	225	522
1330	59548.29	2662	5.93	1734	11248.61	4	449	1517
397	58999.89	896	3.15	1033	11444.70	4	337	4183
1170	55982.21	3016	3.03	2298	11614.84	4	50	870
1148	71874.14	3121	2.56	2099	13241.76	4	379	1291
475	60995.39	1451	1.63	1036	13487.00	4	1250	852
0	57453.72	0	0.00	0	14730.05	4	100	3353
2	57328.00	4	0.00	2	14582.17	4	1120	4944
233	59997.82	488	3.46	310	15658.38	4	275	4840
350	68905.59	978	1.43	801	15642.66	4	0	271
708	73742.72	2417	1.78	1364	16907.37	4	92	798
520	60257.17	950	7.38	1923	16642.16	4	40	1672
712	61423.46	1860	2.11	1560	17427.60	4	0	315
793	80380.14	2649	1.72	2020	18311.15	4	0	83
939	85058.28	2917	1.69	2336	19476.15	4	40	284
261	110735.55	873	1.79	1786	20046.16	4	0	63
21	109744.32	69	1.45	235	18899.60	4	0	57
74	97396.06	207	0.80	1809	18877.50	4	250	24
105	97574.01	376	0.69	265	20103.41	4	0	6
136	97539.68	433	0.92	551	17602.60	4	0	16
1051	95799.22	3030	2.46	3627	16805.19	4	0	54
1312	57635.85	2978	6.75	2644	16510.08	4	30	1084
167	58249.01	520	2.41	311	15565.35	4	149	779
419	73948.05	1175	2.89	1172	14855.17	4	125	2082
614	56011.48	1899	3.62	1669	13658.34	4	13	230
1100	98807.19	3568	2.49	2755	14703.73	4	30	44
828	88749.31	2684	1.81	3030	15493.98	4	0	66
0	83603.05	0	0.00	105	16610.19	4	325	2093
141	83298.99	459	1.80	95	14870.40	4	0	15
214	75802.54	522	3.18	943	13637.90	4	100	264
1110	56937.71	2576	4.89	1836	12972.90	4	327	799
1426	54696.06	3521	3.97	2639	12324.06	4	262	327
1021	53533.78	2667	4.34	1689	10688.14	4	20	127
1150	50366.28	3250	3.75	1843	9923.81	4	84	258
1333	62746.71	3686	2.78	2444	9828.24	4	20	1310
51	62898.70	106	8.84	85	10028.14	4	535	1922
194	62625.83	394	6.23	267	9202.89	4	250	2039
202	59481.77	493	3.37	364	9553.45	4	100	3537
922	59524.83	2417	2.42	1681	7511.32	4	73	853
32	59464.00	81	2.43	60	8184.97	4	300	436
251	58217.27	619	2.03	302	6493.86	4	386	1590
576	50254.75	1190	4.11	901	6883.64	4	790	3645
125	50171.59	511	3.36	344	7856.97	4	146	1846
1342	50042.56	3149	3.32	2330	8323.91	4	115	586
43	50032.75	130	1.86	79	8066.89	4	30	1128
1800	50565.46	4094	4.85	2971	8821.23	4	57	2070
266	82550.49	679	1.67	511	5256.72	4	0	406
383	82464.33	894	2.15	697	5054.95	4	100	2133
591	76806.24	1623	2.04	1045	5240.43	4	50	1748
1490	57275.24	3931	4.50	2521	5550.57	4	429	3868
1652	70638.72	4234	2.61	2997	6431.97	4	162	525
1068	50246.18	2922	3.04	1723	7529.06	4	108	1499
1866	36627.80	4154	6.29	2262	7518.36	4	352	1528
1426	58254.35	3457	4.70	2367	6894.24	4	184	359
812	48255.33	1957	3.96	1145	8435.31	4	10	154
1103	55391.54	2594	3.57	1751	9505.40	4	93	1846
367	60272.12	1000	2.96	629	10535.34	4	11	0
659	60038.35	1908	3.28	1161	11256.18	4	0	68
564	47572.20	1736	2.98	971	11866.30	4	0	49
586	47560.00	1368	5.33	901	11181.03	4	771	853
82	37365.28	166	10.25	132	12669.26	4	276	3431
971	38141.15	2483	5.83	1435	12000.32	4	41	2220
1088	40623.70	2803	3.85	1537	11040.51	4	600	565
1463	48570.23	3877	4.03	2299	10218.76	4	330	710
915	51167.10	2322	3.88	1410	9280.09	4	63	301
838	50547.39	1917	3.90	1367	8126.34	4	85	620
1035	40973.78	2278	3.85	1634	9271.36	4	218	768
1084	52034.89	2825	4.36	1749	9603.40	4	63	90
440	48415.61	904	8.65	723	9972.61	4	448	1060
513	52763.05	1452	2.93	912	10955.53	4	97	181
839	44110.99	1842	4.90	1206	11749.89	4	46	167
1575	40978.22	4002	4.84	2414	12419.33	4	378	760
424	40387.02	1243	2.90	672	13449.27	4	50	144
2551	39152.43	4907	8.85	3650	12904.51	4	972	1035
1890	50651.97	4996	3.70	2877	11155.72	4	351	428
723	42491.10	1906	3.50	1028	10700.05	4	250	217
0	40860.77	0	0.00	0	9301.05	4	2084	1466
2237	43433.33	5776	3.38	3306	8946.99	4	300	740
100	39811.98	126	7.73	212	9787.65	4	1274	1524
590	41805.37	1320	5.18	940	10231.89	4	117	653
287	42351.88	606	10.99	447	10984.23	4	953	2653
377	51556.00	1089	3.70	621	11670.45	4	300	68
1077	47172.32	3153	3.23	1795	12133.01	4	24	585
1474	39945.34	4010	4.62	2235	11013.52	4	37	415
298	47747.46	797	2.50	454	10987.06	4	10	51
1076	60524.07	2987	2.58	2235	13329.62	4	0	87
983	63185.32	2982	2.83	1701	12563.45	4	15	214
1530	58046.48	4480	3.55	2594	13490.38	4	800	873
1764	64358.01	5788	3.12	2871	13736.72	4	82	239
947	65464.52	3081	3.54	1813	14503.59	4	161	638
576	78531.98	1785	1.92	3809	15467.83	4	100	471
227	78637.00	719	0.97	770	15269.94	4	10	104
141	71119.36	394	2.35	392	17290.36	4	5	40
361	70822.96	1127	1.71	646	17392.30	4	10	49
481	70792.69	1401	1.60	444	18814.97	4	0	91
96	68060.48	301	1.16	100	19354.02	4	0	69
24	68041.51	71	1.68	0	20103.41	4	0	5
2	68098.24	8	0.00	0	20462.61	4	5	29
8	68042.42	27	0.96	0	19058.53	4	0	0
0	68049.05	0	0.00	0	18200.05	4	0	0
173	76782.12	570	1.52	2245	16421.88	4	118	169
15	68085.81	39	0.66	1891	16883.23	4	0	72
1621	40899.79	4121	5.47	2571	14964.73	4	33	121
1846	57608.86	5262	3.86	3311	15476.92	4	95	548
463	67655.31	973	5.61	700	17517.22	4	40	524
416	57724.10	1319	3.24	740	16247.26	4	920	347
110	51904.04	332	2.32	159	16405.51	4	20	785
4	51814.00	10	0.00	7	15596.16	4	30	1487
66	51785.31	183	1.24	129	14792.72	4	300	2688
14	49791.75	40	0.65	5	14961.17	4	700	80
2026	46173.48	5767	3.70	3353	13962.82	4	430	415
1815	36934.97	4393	7.12	2513	12403.34	4	289	334
1504	51650.36	4032	3.45	2485	13397.56	4	164	400
464	51814.58	1614	2.80	834	14396.80	4	20	17
2	49741.62	8	0.00	2	17405.65	4	30	790
857	44616.65	2405	4.53	1344	18134.11	4	394	882
642	66605.96	1972	2.85	1145	19836.38	4	442	1685
0	65116.83	0	0.00	0	18684.17	4	546	1193
1957	74193.15	6846	2.60	3917	21085.57	4	10	102
583	71539.57	1998	2.48	942	22458.15	4	0	15
212	77494.56	764	1.53	1358	21757.75	4	10	257
1583	67378.10	4439	2.57	3659	19825.62	4	60	327
5	67194.62	10	0.00	0	17327.57	4	0	562
1388	68122.19	3689	3.04	3552	15774.25	4	207	396
1138	69200.87	3252	3.02	2337	17262.60	4	320	23
1080	83010.03	3493	2.42	2365	18868.97	4	0	127
524	102283.78	1704	1.40	1163	20391.93	4	0	279
615	96274.53	2127	1.34	2710	22403.23	4	80	0
173	87298.21	598	1.54	3183	23482.10	4	0	55
1085	81803.93	3055	3.35	2372	19613.29	4	34	191
1	67363.73	3	2.88	0	18881.53	4	45	849
1024	75276.50	3134	2.81	2618	21490.65	4	33	123
557	77584.29	1629	2.84	280	23321.22	4	30	904
72	75225.47	233	1.05	83	24730.25	4	4	113
29	87080.26	86	0.56	0	25757.68	4	0	22
456	66029.00	1577	1.93	1367	20688.02	4	0	30
136	66034.53	358	1.38	343	20698.46	4	0	41
540	63965.58	1534	2.12	1184	23400.98	4	0	32
887	65996.40	2904	2.22	1936	22961.41	4	0	60
1861	68070.31	5908	2.64	4254	21527.73	4	15	45
429	73914.93	1203	1.85	2732	23409.51	4	223	546
1114	54282.24	3365	2.60	1861	25957.20	4	61	57
359	66803.66	1293	0.90	895	27763.87	4	0	63
79	66883.99	291	0.77	120	25065.87	4	5	0
476	66908.06	1410	1.28	469	28358.92	4	30	336
445	66873.44	1398	1.01	1214	31603.67	4	7	57
255	75867.06	875	0.62	188	33186.93	4	115	797
109	75878.00	292	2.22	253	30802.45	4	243	386
562	75875.92	1751	0.68	660	33896.66	4	271	667
493	78616.46	1731	0.61	1423	30248.90	4	0	126
595	78675.98	1858	0.81	814	28886.23	4	25	57
457	78660.16	1610	0.70	625	27267.31	4	63	196
620	78479.15	1890	0.74	1610	35598.82	4	30	260
0	30951.32	0	0.00	0	825.76	5	15	531
771	28967.37	1138	0.00	1320	505.38	5	28	4790
479	29026.75	682	0.00	773	792.80	5	123	1987
30	28311.81	33	0.00	4	1079.82	5	100	316
0	32310.38	0	0.00	132	1522.83	5	35	1164
0	28926.60	17	0.00	0	894.02	5	120	6466
878	28912.04	1244	0.00	1544	928.73	5	552	9595
506	28921.00	710	0.00	767	437.55	5	2472	20257
2	29121.98	186	0.00	0	201.53	5	84	2765
14	28921.00	23	0.00	19	121.34	5	120	3755
0	22179.36	0	0.00	0	1318.24	5	200	2963
0	34356.06	0	0.00	0	913.66	5	93	166
0	34526.69	18	0.00	25	846.27	5	100	1676
3110	39137.58	8110	5.96	2297	1954.04	5	78	792
182	34583.83	710	8.70	248	1480.59	5	115	390
463	21750.25	1555	5.90	822	2036.42	5	42	1516
1117	41516.66	2993	5.48	2830	2880.38	5	41	226
236	22459.76	616	3.11	395	3007.10	5	50	1448
0	6.92	0	0.00	0	4794.02	5	0	147
0	194.03	0	0.00	0	7118.12	5	0	841
425	63777.65	1231	1.28	2058	9174.09	5	0	99
922	47026.54	2602	2.73	2459	7205.73	5	50	215
997	46783.23	2602	5.09	2560	6529.79	5	0	97
173	37701.42	477	2.16	311	5333.44	5	50	218
433	38288.95	1162	5.59	1149	6140.05	5	933	244
1078	39728.09	1891	12.78	2705	6913.54	5	100	161
1072	40656.30	2376	5.67	2456	7069.38	5	500	199
1204	37354.51	2800	6.08	2580	6284.59	5	176	134
642	38194.33	1628	4.26	1247	5212.50	5	230	160
846	25827.61	2581	4.25	1944	3073.18	5	100	212
1928	36796.73	5053	4.26	1496	5259.18	5	173	390
1928	34462.80	4482	6.62	4490	4217.94	5	120	658
2331	36295.39	6621	7.62	5897	3138.82	5	94	182
324	30774.48	1007	8.06	772	2781.88	5	137	697
23	26479.10	293	0.00	47	1700.57	5	144	4676
736	28273.22	1976	9.40	1250	2422.99	5	59	331
2001	33670.16	5250	7.19	5131	3197.13	5	205	1115
993	31449.98	2795	7.69	2353	3757.78	5	344	875
1288	34476.70	3278	6.80	3522	4241.78	5	263	352
16	30458.26	29	1538.46	8	3617.84	5	30	37
876	34856.17	2114	7.20	2159	4872.42	5	20	35
2162	31222.39	5805	7.14	5771	5836.61	5	382	311
2200	38667.07	5313	5.41	5887	7187.17	5	50	153
1825	51089.34	4691	4.35	5051	7849.58	5	412	449
1852	35116.95	4258	6.47	4685	6881.20	5	104	202
1407	38006.40	3728	4.56	3323	6278.76	5	33	114
837	43355.92	2071	5.51	2554	5401.76	5	69	257
952	40920.15	2466	5.05	2169	5016.08	5	66	213
2365	36575.35	5625	6.45	1798	4681.70	5	70	169
1411	24261.86	4666	7.07	3398	4476.70	5	425	749
1358	28660.38	3736	6.29	3592	2922.32	5	74	735
187	30923.36	639	8.22	253	1746.56	5	47	2144
623	12503.32	2008	12.26	780	1805.89	5	30	569
1	30871.67	35	0.00	2	1072.15	5	400	2950
0	11630.78	23	0.00	66	1343.28	5	150	1777
3087	36387.67	6713	11.71	1953	1537.77	5	315	1820
1016	19637.45	2433	11.23	1429	1717.69	5	512	657
1776	31020.84	5342	7.34	3954	2328.83	5	407	720
2063	34338.23	4957	6.36	5048	3311.87	5	282	2144
2821	33530.52	6008	7.29	6881	4724.10	5	170	532
2412	53783.70	5687	4.60	6680	5258.66	5	50	232
2899	44777.33	7341	6.75	2365	6295.88	5	187	1792
726	42691.10	1280	31.32	1614	5467.63	5	322	2795
975	38980.95	2939	6.84	2065	5303.41	5	100	1315
1358	38586.55	3084	6.14	3822	4455.26	5	70	176
2485	30241.06	6601	7.28	1708	3597.10	5	293	1009
1846	40189.89	4420	7.29	3913	4950.67	5	551	406
416	21169.20	911	31.67	539	4770.91	5	1714	2332
735	26446.04	2193	6.43	1413	3236.48	5	206	350
2680	41804.17	7356	7.40	2002	3061.22	5	16	835
1526	33964.61	4014	6.79	3529	4423.30	5	258	1554
2056	57510.28	4554	6.66	5113	4927.28	5	467	298
2972	52408.30	6196	8.21	2135	2985.42	5	890	857
213	27017.37	395	459.09	264	707.59	5	399	4485
371	31827.09	825	10.10	867	799.16	5	150	793
700	30594.18	1557	7.95	1161	1668.31	5	259	292
424	32666.95	1064	6.86	652	1969.46	5	170	2837
477	46969.71	1310	5.05	1312	2457.41	5	60	50
921	37436.76	2388	5.51	2430	3084.87	5	148	299
1055	40426.52	2595	6.00	2315	4017.64	5	91	192
365	39260.85	905	5.75	874	4137.36	5	81	1160
566	39917.82	885	12.76	670	5715.10	5	50	911
1985	55261.04	4532	4.85	6005	5508.19	5	234	389
1975	49367.79	4218	6.84	1387	4854.88	5	158	308
925	62214.51	2334	6.17	2725	6053.02	5	20	168
966	62921.95	2264	6.16	2670	6338.10	5	76	579
1336	61132.73	3052	4.30	4368	7032.02	5	300	572
1796	26088.37	3124	15.67	3595	7389.08	5	154	901
1928	50800.09	4619	4.75	5339	7868.59	5	200	178
628	40023.74	1028	8.03	405	8417.04	5	300	2846
746	62540.08	1747	4.72	3056	8036.94	5	200	89
1109	62908.98	3297	6.41	3527	7278.02	5	342	1313
1430	62252.87	3571	6.34	4044	7027.84	5	83	222
633	69478.73	1743	4.97	1576	7200.45	5	0	21
1443	50235.85	3329	7.10	3785	6899.70	5	117	177
576	59927.14	2436	6.37	1377	5902.53	5	419	747
1338	40771.47	3191	8.01	3657	5864.53	5	100	1077
1947	45468.78	6094	6.84	6146	6911.52	5	40	1180
397	61085.42	953	3.21	679	6201.21	5	16	897
788	32127.78	1779	20.85	1822	6601.91	5	386	2895
2032	32051.07	4478	7.25	4612	6537.54	5	372	6476
31	35646.24	55	0.00	33	6114.32	5	73	3503
37	30753.90	86	4.44	22	5257.49	5	180	1756
640	26454.07	1260	12.04	1253	6187.77	5	587	4823
585	38165.01	1399	9.63	1429	7125.05	5	100	2148
708	44357.49	1750	4.73	1539	5581.14	5	194	607
0	39871.57	0	0.00	2	5010.28	5	50	1218
1404	42384.89	3609	6.38	3762	5952.67	5	70	650
584	32258.08	1906	13.47	962	7249.60	5	10	2576
1010	68899.66	2645	3.31	2581	8470.06	5	39	120
5	68979.47	295	0.00	2	8265.68	5	50	72
438	68935.53	1175	2.87	766	8093.37	5	100	37
204	42438.41	520	2.49	308	8253.90	5	0	13000
586	41603.33	1506	2.81	853	8645.26	5	20	980
1154	41600.11	2672	4.67	1931	8932.90	5	40	610
551	50309.46	1434	3.21	1473	9628.98	5	20	1030
781	51199.11	2068	4.54	1416	8892.26	5	200	725
632	52600.65	1812	2.93	1279	9320.43	5	350	1021
391	50744.78	1020	3.12	799	10468.50	5	490	231
895	50452.69	2402	2.95	1518	8423.54	5	250	1350
1061	47485.24	3344	2.62	1858	12376.41	5	0	79
796	49880.90	2111	3.35	1306	11607.14	5	220	140
0	49270.01	0	6.05	20	11523.06	5	2350	414
118	65153.91	246	1.68	55	10987.19	5	200	1400
358	56984.87	923	2.55	629	10256.10	5	236	399
248	49275.25	720	2.09	889	9748.64	5	321	608
177	67041.07	530	2.05	348	9056.23	5	30	870
405	50663.83	1074	2.59	641	7517.91	5	200	1000
976	50405.41	2543	2.92	1634	7069.67	5	200	1100
341	49446.06	1000	1.46	637	7239.02	5	0	221
453	49261.93	1349	2.47	868	5924.63	5	20	380
385	43222.52	1112	2.86	654	5701.03	5	107	40
140	41871.24	362	3.04	218	6658.14	5	309	430
817	50342.17	2082	3.58	1357	6826.46	5	21	179
368	62620.35	995	1.91	774	8378.46	5	200	218
1717	60648.53	4437	3.08	3294	9761.22	5	190	831
751	48338.08	2035	3.84	1302	11400.95	5	120	272
201	47944.65	352	4.79	109	11028.65	5	343	1121
611	47130.49	1682	3.92	999	11178.00	5	75	263
761	54688.87	2437	3.34	1503	10431.94	5	9	165
1522	41065.30	3358	4.31	2244	6399.52	5	168	511
881	54405.87	2423	2.87	1729	7956.85	5	125	711
1759	55577.23	4386	3.41	3138	9414.16	5	62	119
877	57340.99	2306	2.78	1475	10047.32	5	0	214
475	45492.72	1089	2.95	942	10274.07	5	0	246
774	57318.54	2031	3.36	1455	8473.41	5	10	271
1164	55323.21	2777	2.42	1837	7016.73	5	432	471
1137	51768.64	2870	3.50	1673	7630.42	5	567	628
181	51145.52	417	11.68	288	8733.57	5	400	2857
322	52811.84	547	10.84	490	8259.68	5	235	626
0	51695.00	0	0.00	0	8429.41	5	3136	886
48	45060.80	67	9.80	57	9066.62	5	0	0
346	44891.88	829	3.05	515	9003.49	5	10	974
397	44989.12	767	3.97	544	9355.54	5	0	378
1066	45153.56	2282	5.00	1311	9931.82	5	276	1092
285	51892.92	1421	2.12	779	9337.36	5	969	1271
175	51694.71	508	2.31	266	8691.03	5	444	433
180	51837.21	685	1.83	382	8539.02	5	121	2702
0	51695.00	0	0.00	0	7857.58	5	1333	2453
375	51423.22	863	3.85	559	7652.73	5	5	172
16	51695.00	39	0.97	2	6735.13	5	15	3744
102	50849.64	166	7.82	151	7720.37	5	303	3318
946	45418.47	2336	2.88	1478	6104.20	5	15	1016
757	55617.49	1840	3.22	1031	7216.10	5	55	687
546	56373.32	1303	3.43	845	7929.22	5	92	325
783	55867.38	2014	3.15	1182	7911.03	5	1052	819
1374	37755.94	2595	6.85	1827	7933.24	5	247	637
200	58894.22	617	1.72	314	8039.74	5	0	70
1032	38071.75	2152	6.05	1526	9718.94	5	700	1230
631	50850.39	1854	2.08	1399	11801.82	5	87	632
370	54405.74	1066	2.07	945	12364.98	5	883	473
351	54951.63	900	4.02	598	12988.82	5	0	258
575	54979.00	1581	3.72	694	13437.46	5	0	10
529	54978.95	1417	4.44	1050	13868.24	5	198	103
769	53363.26	2331	2.87	1267	15205.04	5	58	1108
806	52828.93	2441	3.10	1229	14760.60	5	29	175
831	52824.30	2335	2.89	1423	14352.16	5	22	40
901	52684.89	2190	3.21	1790	13784.84	5	469	1603
689	57089.88	1953	1.88	1269	15840.37	5	382	220
665	49346.26	1556	3.12	1073	17534.96	5	604	583
426	66370.04	1275	1.61	1493	20159.22	5	50	65
390	51525.61	909	3.30	603	17687.06	5	396	178
2044	54592.35	5908	3.33	3785	16535.14	5	349	404
1181	53726.04	2936	2.73	2819	14265.24	5	152	869
409	71356.00	1120	1.97	760	19772.08	5	20	29
769	71459.47	2341	2.04	1672	19463.46	5	30	19
582	71534.28	1966	1.86	1189	17679.29	5	0	46
106	51848.00	347	1.57	206	11709.70	5	90	870
1096	51848.89	3137	2.08	2930	12330.48	5	89	13
1716	69545.23	4979	2.67	4431	14277.07	5	127	1385
1090	142494.50	3402	0.59	2812	17287.24	5	120	542
348	69399.88	918	2.60	607	11449.13	5	173	1280
0	69134.32	0	0.00	1	12410.74	5	296	2416
247	60869.66	879	1.58	559	13553.07	5	10	3740
17	60702.42	77	1.41	0	14958.10	5	0	230
368	60610.62	829	4.64	720	12617.77	5	102	687
566	60720.00	1563	2.68	1268	13170.33	5	0	27
213	69029.10	608	1.87	502	11532.92	5	75	610
192	34990.63	1173	6.21	318	12007.37	5	55	264
1335	66596.28	4047	2.19	3094	10386.24	5	5	1196
908	60146.31	2729	2.09	1768	11096.91	5	31	967
1152	60134.57	2309	4.97	1930	11705.00	5	62	824
50	60328.52	139	1.81	90	12684.06	5	0	103
533	63254.12	1474	2.24	1061	12948.50	5	39	410
132	67434.83	287	2.75	465	13405.35	5	60	1386
1362	67758.65	3401	3.14	2939	14526.84	5	35	440
489	67803.06	1444	2.43	950	14331.28	5	0	88
1533	82287.20	4610	2.04	3069	16277.92	5	282	723
1155	58658.36	3171	3.07	2355	16836.67	5	0	227
903	80472.43	2704	2.87	2670	18180.45	5	41	23
779	102845.39	2329	2.46	1947	19312.28	5	0	40
149	54030.11	396	0.00	0	16544.52	5	0	558
1577	58300.78	4587	2.12	3259	15677.15	5	30	425
899	56120.52	2015	3.16	1685	14440.55	5	60	1001
553	54625.93	1670	2.12	856	13515.10	5	23	401
497	44214.09	1352	3.94	908	13729.44	5	215	955
1068	44707.28	2624	4.83	1788	14692.94	5	434	598
426	63067.58	1270	2.24	740	12862.42	5	122	146
345	66085.25	910	4.37	659	12242.58	5	200	153
595	66347.94	1880	2.85	1552	10920.00	5	400	136
1356	63097.15	3700	2.98	2515	11351.77	5	155	534
193	63009.03	585	2.67	405	12395.23	5	20	1273
626	40968.43	1739	5.35	976	10606.97	5	73	3183
232	43577.23	541	13.68	379	9261.34	5	164	801
2073	53926.15	5251	4.76	3515	9784.50	5	109	670
326	60458.75	905	2.66	783	9003.45	5	0	34
2898	42114.09	6357	6.38	4257	8417.86	5	24	1105
316	37492.93	623	6.11	381	7565.54	5	296	715
784	75060.07	2458	0.58	1490	43991.01	6	73	153
523	75058.42	1688	0.57	1110	46283.33	6	5	20
1222	49798.28	3463	1.17	826	50303.88	6	125	969
211	53211.65	691	0.27	447	56296.44	6	5	45
140	53214.00	456	0.30	325	63189.14	6	0	50
1092	53214.00	3149	2.25	778	55854.76	6	296	635
122	53241.95	418	0.54	212	48811.99	6	25	161
1042	54839.54	2909	3.07	1201	45101.64	6	211	702
201	54840.79	659	0.66	433	43725.04	6	5	5
161	54844.80	539	0.68	312	39462.16	6	10	30
625	80469.21	1947	0.75	1214	38164.35	6	0	119
133	80702.60	456	0.77	193	38356.39	6	0	41
258	80698.71	818	0.57	771	37120.27	6	30	103
141	75846.86	450	0.96	187	34579.54	6	17	100
606	80206.37	2036	1.03	1212	32488.29	6	5	262
923	70716.72	2542	3.18	1563	31955.47	6	286	664
838	80298.31	2619	1.94	2310	30201.10	6	121	524
828	87199.82	2508	1.67	75	28981.71	6	43	157
403	79675.54	1209	0.96	77	31409.52	6	0	903
909	69791.11	2604	2.41	1845	33342.36	6	119	183
50	54840.19	313	0.89	93	41510.32	6	5	20
43	54153.13	111	2.60	108	37409.11	6	0	843
250	54031.31	820	1.04	562	34924.12	6	15	90
281	65272.32	948	0.86	805	32875.92	6	0	254
136	76496.29	470	0.96	363	30074.60	6	0	161
328	52738.43	772	4.29	665	32007.85	6	30	192
503	63842.19	1636	3.20	1842	31240.08	6	17	18
371	68558.95	1176	2.07	3056	29841.69	6	5	75
715	50360.25	2162	3.04	1556	29741.98	6	486	457
1318	45240.52	3301	4.50	2859	28503.37	6	609	1182
112	54064.28	254	6.48	214	26880.80	6	180	460
512	64129.29	1499	3.04	1949	28277.43	6	0	207
135	60466.97	265	5.68	1272	26953.32	6	188	1525
107	74177.57	355	0.68	174	26842.84	6	70	875
80	60468.08	227	1.14	241	25196.31	6	90	1175
9	60465.22	12	0.00	70	23682.47	6	220	204
1	56818.08	3	0.00	0	23033.94	6	41	1502
94	71736.61	290	1.54	292	25886.60	6	101	120
696	56804.46	1754	3.19	320	24236.70	6	100	820
1789	75338.34	5762	2.31	2631	25817.18	6	30	175
152	74890.51	515	1.01	250	29241.68	6	30	161
523	87863.78	1582	1.63	4602	28445.82	6	10	90
344	84161.58	1110	0.51	726	26282.32	7	30	147
165	75424.49	567	0.81	200	20047.09	7	0	37
81	75332.46	252	0.59	156	22558.07	7	0	0
639	82191.88	2263	2.30	3488	19862.02	7	160	40
571	75301.17	1865	2.48	2033	18539.15	7	0	12
266	72270.86	964	1.91	307	16926.09	7	0	10
179	63358.43	613	1.47	227	14452.14	7	0	972
1547	66837.57	5561	2.39	1704	16366.15	7	270	496
1802	57509.72	5783	2.68	3827	17991.02	7	530	281
214	78275.72	719	0.86	491	22702.99	7	40	1500
227	77470.74	591	0.67	211	18880.84	7	5	45
1985	54638.91	6195	2.69	1736	17494.48	7	204	91
703	51276.37	1893	2.51	1243	14349.69	7	38	186
416	50818.12	1115	2.57	390	13532.28	7	74	848
264	45373.00	811	1.51	480	11884.52	7	0	123
298	45373.00	839	2.07	574	10421.79	7	127	447
3	45373.00	8	0.00	0	9271.62	7	0	200
758	45646.93	2062	1.93	1420	11399.80	7	185	572
315	103938.10	1076	0.69	501	13028.61	7	0	70
119	104692.59	398	0.68	154	15671.04	7	0	14
23	104645.19	93	0.31	45	18551.34	7	5	8
61	104579.16	188	0.34	1066	17483.74	7	0	5
826	97315.25	2627	2.37	2108	14527.10	7	0	62
1658	74175.45	5196	2.98	2448	12107.16	7	10	1162
879	54645.23	2122	4.10	2519	10848.38	7	0	27
190	54448.59	446	3.77	490	10376.09	7	59	1080
225	51917.46	411	6.93	430	9697.64	7	367	330
1417	52068.53	3994	3.67	2564	9902.83	7	50	477
378	81656.87	1289	1.84	52	11903.40	7	126	189
198	81751.84	492	3.77	1173	11984.68	7	0	283
574	82519.93	1527	2.19	1313	14140.89	7	74	180
64	73404.77	216	0.46	865	16938.69	7	0	25
890	84196.45	2645	0.55	638	22561.29	7	62	419
541	71045.60	1417	1.61	1232	26221.32	7	30	28
746	71056.83	2291	1.30	1785	26011.32	7	82	135
683	93831.17	2235	0.61	516	22405.18	7	30	230
343	61209.97	998	1.12	463	18248.50	7	109	275
239	60198.56	756	1.09	376	14967.95	7	0	80
471	60079.77	1201	2.80	1208	16998.10	7	23	53
24	59871.93	69	2.24	74	14191.39	7	15	74
36	50181.69	104	1.14	739	12030.83	7	30	18
1283	69375.90	3863	2.85	3868	12213.27	7	62	265
1384	49572.97	3791	3.56	1723	10041.64	7	152	424
1479	49113.04	3700	3.12	4131	10531.47	7	732	639
477	54868.68	1475	1.80	651	11006.32	7	182	258
819	61039.15	2204	3.53	2355	11868.39	7	0	413
1203	47899.50	3163	3.29	1328	12856.85	7	0	347
325	48541.56	758	4.43	533	13404.61	7	15	523
29	61181.57	102	0.76	1061	13569.38	7	0	0
666	93321.89	2110	0.88	3838	17313.56	7	5	103
219	94040.87	732	0.69	606	17156.33	7	15	261
495	81425.85	1493	1.50	1488	22559.20	7	100	582
743	51485.26	3200	2.33	1570	26554.95	7	80	4508
567	39599.13	1620	5.01	783	26146.76	7	10	1090
14	49818.18	30	0.00	17	26419.02	7	300	206
891	48549.12	2129	3.59	1419	25799.62	7	460	1321
1089	49554.62	2860	3.51	2011	25066.54	7	255	1772
83	63526.14	236	0.00	0	23475.64	7	711	1671
467	63621.55	1094	3.57	1831	24219.23	7	35	443
999	67967.16	3306	2.20	1254	22805.15	7	33	247
640	86577.62	2015	1.57	1329	24360.87	7	25	307
1315	50129.53	3441	3.72	2372	26223.14	7	291	778
33	46988.85	98	1.62	68	27186.88	7	400	92
292	95590.70	920	0.74	712	20583.13	7	0	304
356	95454.65	1115	0.71	732	19084.24	7	120	439
174	106740.06	468	0.66	442	18685.47	7	0	271
1155	71620.70	3270	2.11	2149	17856.97	7	125	459
729	67582.37	2123	2.25	1302	16224.68	7	100	155
93	85934.74	276	0.93	865	14633.81	7	20	281
776	76341.82	2338	1.84	1643	15873.98	7	15	113
238	102911.36	766	0.70	731	21049.29	7	0	169
414	95591.17	1396	0.68	1071	23412.54	7	5	79
483	94819.42	1528	0.57	657	28698.09	7	66	50
820	77845.22	2535	0.55	1998	32196.96	7	0	56
722	61336.53	2193	0.89	1603	28608.48	7	66	335
324	75323.84	1064	0.75	1217	23994.05	7	30	25
206	75301.63	646	0.84	326	23298.73	7	40	166
164	59738.83	514	0.69	278	28100.75	7	50	300
234	77795.31	602	0.80	416	37812.67	7	34	92
1060	68036.36	3197	0.65	2607	40440.02	7	96	291
1129	69957.88	3476	1.10	3355	39239.79	7	0	125
562	71815.25	1929	0.73	965	34513.74	7	0	274
74	71821.00	228	0.39	106	32815.49	7	0	57
367	52377.25	1057	1.45	66	37501.41	7	115	182
836	39857.38	1961	5.40	1777	37431.66	7	705	1412
255	38879.00	732	2.80	452	38696.83	7	599	502
1201	47299.25	3140	3.02	2160	38115.56	7	296	868
