7
543.00	61804.75	1847.00	1.15	1544.00	48192.05	1
347.00	54283.95	1085.00	0.80	54.00	46585.31	1
342.00	64182.76	1037.00	0.50	977.00	44115.50	1
90.00	63819.00	274.00	0.55	295.00	40568.47	1
219.00	61804.75	751.00	0.57	837.00	41484.25	1
322.00	67533.16	1090.00	0.71	543.00	39048.92	1
272.00	66855.79	884.00	0.68	793.00	39615.90	1
256.00	70230.59	837.00	0.61	607.00	36590.51	1
891.00	61805.35	2969.00	0.61	2167.00	41398.61	1
542.00	63343.68	1726.00	1.01	1311.00	38456.48	1
400.00	59252.77	1302.00	1.02	1093.00	44884.59	1
443.00	58191.22	1490.00	0.65	1241.00	45967.29	1
430.00	57653.47	1455.00	0.67	1384.00	40733.16	1
727.00	58974.23	2077.00	1.04	1591.00	37015.96	1
1146.00	61153.79	3588.00	0.82	3111.00	45632.26	1
366.00	63560.48	1238.00	0.70	927.00	39083.78	1
646.00	68063.45	2100.00	0.61	1561.00	33621.37	1
117.00	69544.98	352.00	0.45	364.00	31994.52	1
66.00	68063.45	216.00	0.40	149.00	30378.19	1
228.00	70130.75	785.00	0.88	540.00	26914.43	1
743.00	68263.57	2501.00	0.85	1853.00	29841.78	1
130.00	124153.95	412.00	0.67	608.00	27001.26	1
212.00	72017.20	655.00	0.67	667.00	30014.89	1
849.00	63496.68	2835.00	0.93	1684.00	34043.45	1
492.00	67353.19	1520.00	1.20	833.00	33503.32	1
623.00	71661.11	2085.00	0.58	1427.00	33407.39	1
386.00	79035.03	1349.00	0.77	1013.00	29719.03	1
57.00	121667.83	176.00	0.30	2880.00	26898.72	1
520.00	73556.77	1802.00	2.64	1432.00	27839.24	1
705.00	118132.13	2383.00	1.19	1679.00	29506.77	1
1159.00	111384.53	4047.00	2.35	3985.00	25519.90	1
272.00	68697.68	893.00	1.00	411.00	25926.62	1
467.00	66834.24	1521.00	2.11	1890.00	26400.75	1
1565.00	66532.12	4902.00	3.07	2760.00	27159.75	1
539.00	74218.96	1916.00	1.24	1909.00	29843.91	1
608.00	76793.98	2078.00	0.79	1261.00	33736.07	1
265.00	74305.85	944.00	0.62	89.00	33565.01	1
66.00	67687.57	253.00	0.91	422.00	29851.84	1
419.00	121744.18	1457.00	0.82	828.00	34548.31	1
657.00	119930.02	2317.00	0.81	1221.00	34685.45	1
505.00	66078.61	1780.00	0.67	1598.00	37722.57	1
388.00	69841.65	1437.00	0.82	1287.00	35176.81	1
658.00	69841.65	2373.00	0.78	827.00	33990.11	1
145.00	64811.92	432.00	0.84	299.00	31892.72	1
253.00	68718.70	684.00	1.12	954.00	31412.61	1
328.00	65084.45	1003.00	1.33	1506.00	30373.69	1
64.00	69164.06	207.00	0.72	254.00	30919.84	1
203.00	68501.70	718.00	1.02	1224.00	30594.87	1
636.00	53294.01	1931.00	3.07	1609.00	28214.37	1
1324.00	48805.57	3179.00	3.77	2572.00	26994.07	1
232.00	40659.26	510.00	5.18	356.00	26539.25	1
268.00	58321.09	1006.00	6.10	522.00	27788.24	1
430.00	45799.80	1085.00	4.85	705.00	26089.62	1
75.00	54612.96	183.00	2.14	107.00	25669.09	1
1091.00	52690.45	3083.00	4.19	2704.00	24687.43	1
1154.00	47933.90	2513.00	3.80	1710.00	24869.17	1
344.00	56482.94	1059.00	2.73	876.00	23305.44	1
1156.00	68989.39	3445.00	2.99	2609.00	23475.97	1
2.00	61831.00	4.00	0.00	0.00	25230.60	1
363.00	56083.75	1130.00	2.62	838.00	24253.10	1
163.00	77059.20	539.00	1.21	1453.00	23801.55	1
286.00	50690.07	914.00	3.02	517.00	23328.09	1
1688.00	51791.01	5231.00	3.31	3294.00	21960.87	1
1696.00	51273.10	5209.00	2.72	1618.00	20807.76	1
1885.00	49738.46	5343.00	4.53	4497.00	20822.85	1
1277.00	66842.28	3983.00	2.82	2501.00	21290.97	1
1036.00	53111.75	3235.00	2.85	1893.00	19959.96	1
1169.00	49801.55	3507.00	2.93	2707.00	19104.27	1
901.00	49427.60	2362.00	3.21	1145.00	18509.48	1
11.00	52528.56	27.00	0.46	106.00	18107.26	1
355.00	52248.10	1049.00	1.89	657.00	16405.44	1
88.00	52510.50	253.00	2.03	946.00	16806.96	1
2918.00	58031.29	9007.00	2.99	6739.00	22955.91	1
275.00	99533.83	749.00	2.05	263.00	24877.01	1
1048.00	69451.75	3586.00	2.16	2106.00	24876.19	1
618.00	70233.05	2103.00	1.70	859.00	25432.06	1
104.00	68074.17	331.00	0.71	135.00	24763.41	1
112.00	69155.52	371.00	0.90	339.00	23401.91	1
322.00	69155.52	1048.00	1.72	1041.00	22554.20	1
1289.00	64285.31	4224.00	2.97	2252.00	23277.90	1
1548.00	61891.50	4741.00	2.91	3155.00	21670.93	1
2026.00	45564.03	5947.00	3.39	4076.00	19862.69	1
1839.00	56001.04	5076.00	4.40	3282.00	18229.75	1
48.00	66065.61	140.00	1.75	118.00	18900.73	1
0.00	66752.74	0.00	0.00	0.00	20811.52	1
125.00	66075.66	359.00	0.81	1185.00	18307.76	1
205.00	56292.99	548.00	2.19	474.00	16689.39	1
1327.00	55845.60	3716.00	2.67	2282.00	16982.90	1
0.00	52730.69	1.00	0.00	57.00	16396.17	1
1394.00	74800.24	4353.00	2.54	2592.00	21448.07	1
584.00	64932.54	1839.00	2.66	1039.00	20137.85	1
1212.00	64932.54	3333.00	4.29	2106.00	18705.56	1
727.00	57963.67	2066.00	3.24	1223.00	18244.58	1
906.00	75457.36	2677.00	2.62	1554.00	19633.75	1
1133.00	131560.33	3624.00	1.16	1510.00	22849.62	1
319.00	78597.76	1007.00	1.10	1459.00	23106.52	1
950.00	71989.31	3526.00	0.95	225.00	27207.58	1
591.00	72181.87	1846.00	1.31	1930.00	26604.89	1
129.00	82576.00	437.00	0.77	223.00	22377.23	1
417.00	46938.39	1152.00	3.31	876.00	14927.01	1
97.00	56292.99	210.00	1.82	278.00	15891.91	1
1788.00	85146.29	5067.00	3.36	3256.00	15176.84	1
288.00	53206.33	732.00	13.67	554.00	15057.05	1
1388.00	49311.20	3717.00	2.97	2303.00	13977.41	1
63.00	52332.82	179.00	2.50	104.00	13106.50	1
986.00	50563.51	2773.00	4.45	1700.00	13762.33	1
539.00	48316.92	1570.00	3.41	893.00	13939.84	1
370.00	52128.00	1065.00	7.46	530.00	13038.97	1
66.00	52307.69	197.00	3.60	0.00	12936.97	1
343.00	52128.00	1003.00	2.90	689.00	12271.98	1
644.00	52307.69	1807.00	2.60	1189.00	12194.66	1
981.00	49082.61	2226.00	5.27	1518.00	11027.10	1
0.00	36458.10	0.00	0.00	0.00	8902.11	1
0.00	36458.10	0.00	0.00	0.00	6991.77	1
750.00	49082.61	1922.00	4.46	1125.00	10950.09	1
1274.00	79704.99	3201.00	3.74	1962.00	10838.90	1
1755.00	51316.63	4327.00	3.45	3058.00	10845.28	1
674.00	36934.45	1519.00	4.47	1068.00	8804.73	1
1122.00	42762.54	2773.00	5.06	1545.00	9180.26	1
973.00	44025.72	2667.00	3.11	1640.00	9297.21	1
836.00	36973.98	1995.00	5.21	1049.00	6973.37	1
1410.00	39988.89	3256.00	5.63	1873.00	8071.35	1
1394.00	65060.79	3319.00	5.75	1923.00	6877.00	1
3229.00	40758.80	7746.00	5.14	4766.00	7671.39	1
327.00	51928.96	1060.00	0.42	776.00	54043.15	2
1287.00	50847.04	3757.00	1.01	1825.00	44450.40	2
591.00	51925.84	1734.00	0.66	469.00	55659.38	2
1808.00	56543.29	4785.00	1.48	5725.00	46529.76	2
1441.00	49103.08	4113.00	1.66	2132.00	59037.07	2
492.00	58922.94	1458.00	0.73	840.00	50491.09	2
114.00	65456.55	381.00	0.55	187.00	40433.12	2
280.00	65425.57	915.00	0.61	441.00	43251.09	2
354.00	62653.94	1137.00	0.57	240.00	50239.35	2
504.00	85987.84	1931.00	0.79	211.00	38442.32	2
756.00	82928.98	2354.00	1.14	965.00	32793.19	2
535.00	75998.40	1567.00	1.16	965.00	29179.53	2
86.00	124064.77	282.00	0.91	493.00	27333.25	2
401.00	90361.83	1263.00	1.46	870.00	25869.90	2
1672.00	77600.45	4691.00	2.36	4528.00	24415.70	2
439.00	77509.00	1401.00	2.00	745.00	23187.93	2
511.00	83557.07	1398.00	2.57	2526.00	25566.01	2
107.00	83667.07	303.00	0.99	1378.00	27403.43	2
12.00	83964.30	33.00	0.65	364.00	28683.05	2
109.00	116012.39	339.00	0.95	307.00	26808.66	2
138.00	114917.78	428.00	0.84	107.00	28808.23	2
6.00	115092.76	27.00	1.42	79.00	28353.53	2
173.00	75033.21	502.00	1.92	476.00	30134.85	2
129.00	69051.87	407.00	0.74	293.00	31896.32	2
15.00	60781.83	46.00	0.53	298.00	35009.85	2
1334.00	65435.46	3448.00	4.17	3839.00	32502.47	2
1218.00	67423.10	3207.00	3.40	3216.00	31508.89	2
467.00	55156.37	1579.00	2.21	300.00	33420.67	2
683.00	50053.25	1711.00	5.10	1192.00	32500.58	2
292.00	49188.73	749.00	3.20	380.00	34634.16	2
58.00	48560.60	165.00	0.90	62.00	35125.50	2
262.00	65408.03	744.00	1.61	511.00	37511.93	2
281.00	64592.61	850.00	0.54	761.00	49450.72	3
447.00	62492.31	1405.00	0.55	1060.00	40758.37	3
460.00	61139.72	1480.00	0.61	1086.00	39692.13	3
269.00	64595.10	742.00	0.44	530.00	48495.50	3
501.00	57074.02	1523.00	0.85	943.00	43495.52	3
175.00	57091.47	581.00	0.63	430.00	40660.73	3
239.00	57092.63	805.00	0.49	576.00	44178.36	3
546.00	71525.59	1926.00	0.65	1541.00	39029.35	3
139.00	63391.73	490.00	0.43	404.00	37241.96	3
234.00	71663.76	796.00	0.58	443.00	34576.93	3
511.00	64455.44	1711.00	0.76	1145.00	31695.89	3
118.00	61262.14	359.00	0.68	88.00	33281.16	3
308.00	64406.17	981.00	1.02	659.00	28624.96	3
1358.00	54068.68	3529.00	3.26	3567.00	34326.39	3
129.00	66003.94	421.00	1.01	226.00	33523.08	3
577.00	66913.05	1990.00	2.27	1706.00	30445.08	3
752.00	64736.00	2399.00	2.67	2092.00	27840.33	3
1744.00	65379.81	6022.00	2.53	4047.00	27326.36	3
708.00	79301.92	2247.00	2.16	3818.00	28483.03	3
83.00	59217.94	290.00	0.86	179.00	31792.94	3
1067.00	49314.07	2787.00	3.47	1784.00	34137.08	3
46.00	49211.09	144.00	1.32	211.00	35700.84	3
519.00	85547.07	1760.00	1.78	1525.00	35938.38	3
87.00	85907.00	264.00	0.80	131.00	35937.77	3
357.00	84362.93	1131.00	1.27	566.00	33305.72	3
798.00	81203.01	2612.00	1.68	1461.00	31355.63	3
515.00	87865.32	1410.00	1.62	1034.00	31439.94	3
128.00	87395.99	419.00	1.64	306.00	30028.10	3
1047.00	84317.11	3369.00	2.07	3835.00	29413.85	3
1171.00	87589.21	3893.00	2.27	1471.00	27671.94	3
892.00	54106.23	2157.00	4.44	4602.00	28529.29	3
1154.00	60893.83	3257.00	1.98	1680.00	28085.42	3
2.00	60887.00	2.00	0.00	2.00	26635.84	3
2104.00	66615.04	6274.00	2.74	2220.00	25046.40	3
922.00	52525.27	2766.00	2.87	4060.00	24784.88	3
2.00	53922.62	2.00	0.00	0.00	25827.76	3
574.00	54017.03	1108.00	15.11	1103.00	26561.58	3
43.00	54038.91	136.00	1.12	337.00	27391.90	3
792.00	59841.93	1898.00	6.52	2930.00	26674.07	3
1260.00	56571.01	3327.00	3.28	5964.00	25459.96	3
35.00	42264.87	306.00	2.23	330.00	25615.43	3
301.00	42106.21	630.00	17.27	574.00	25897.86	3
1290.00	42365.07	2905.00	4.18	3038.00	24325.15	3
2604.00	60448.60	7234.00	2.96	2657.00	23817.45	3
1616.00	68812.66	4522.00	3.07	1764.00	21593.61	3
1307.00	47241.36	2759.00	7.28	1318.00	22534.10	3
738.00	51845.55	1880.00	4.35	1521.00	23587.95	3
263.00	52078.06	647.00	4.18	557.00	23482.95	3
0.00	51339.88	0.00	0.00	0.00	21967.91	3
0.00	55276.07	0.00	0.00	0.00	20944.45	3
221.00	55229.80	411.00	12.28	653.00	21531.73	3
543.00	55403.81	1418.00	3.02	1724.00	19648.11	3
1293.00	54997.59	3756.00	3.13	2902.00	19222.42	3
272.00	58558.13	909.00	2.05	1497.00	25387.72	3
1587.00	69221.34	4695.00	3.40	4527.00	23511.43	3
501.00	80193.18	1568.00	2.85	1555.00	24226.25	3
1807.00	62215.98	5712.00	3.05	3881.00	26628.56	3
1653.00	62363.62	5085.00	2.82	3297.00	25094.40	3
653.00	87013.41	2132.00	1.88	1945.00	23733.16	3
1005.00	89184.70	3073.00	2.17	1956.00	22627.72	3
968.00	46725.95	2288.00	5.14	1697.00	21531.89	3
105.00	90957.53	350.00	2.26	428.00	21030.36	3
1145.00	81303.49	3998.00	2.10	3678.00	22690.09	3
1449.00	84177.74	4788.00	1.94	3970.00	21154.57	3
494.00	70738.93	1575.00	2.66	2657.00	24628.90	3
1615.00	77275.56	5141.00	2.01	2671.00	21297.48	3
544.00	72312.48	1530.00	1.61	685.00	20915.24	3
23.00	81157.54	81.00	3.30	0.00	24046.36	3
43.00	81380.78	130.00	0.70	69.00	21079.79	3
22.00	81373.20	52.00	0.72	16.00	22021.02	3
104.00	77346.02	299.00	0.75	186.00	25230.67	3
135.00	63001.41	421.00	0.54	324.00	24843.44	3
106.00	65500.59	384.00	0.70	212.00	27325.90	3
2864.00	65874.56	8511.00	3.32	4635.00	30171.15	3
1355.00	47697.58	3733.00	3.68	1730.00	28326.68	3
465.00	45555.40	1072.00	3.26	1005.00	31033.04	3
717.00	45692.41	2124.00	3.19	2488.00	32145.69	3
702.00	71549.01	1929.00	3.56	2097.00	19479.47	3
152.00	78636.99	473.00	2.17	270.00	19764.18	3
1314.00	80751.63	4026.00	2.35	2655.00	19332.44	3
2278.00	87275.29	7233.00	1.79	7941.00	17367.99	3
1079.00	93067.39	3099.00	2.21	4326.00	14867.75	3
512.00	96078.18	1558.00	2.25	1002.00	15404.88	3
92.00	96687.18	278.00	1.20	1189.00	15765.97	3
1323.00	61435.85	3226.00	3.38	2370.00	17640.19	3
1188.00	60749.55	3615.00	3.57	2376.00	18447.58	3
2725.00	50529.06	6715.00	4.93	5326.00	16751.86	3
109.00	47852.97	212.00	6.50	215.00	15618.72	3
1254.00	74689.29	3401.00	2.06	2327.00	15124.03	3
990.00	53541.87	2367.00	4.52	1983.00	13904.69	3
1256.00	68891.21	3230.00	3.67	3309.00	13360.31	3
129.00	68506.46	423.00	1.43	705.00	12074.19	3
19.00	68087.51	61.00	1.05	0.00	10955.00	3
8.00	68229.00	29.00	0.64	2.00	11884.35	3
5.00	66624.11	10.00	0.93	348.00	12404.89	3
658.00	51405.60	1304.00	4.23	697.00	12437.88	3
1243.00	47897.43	3083.00	3.75	1911.00	13130.64	3
10.00	47792.73	30.00	2.73	2.00	12920.50	3
150.00	51169.73	436.00	1.34	394.00	11652.15	3
80.00	51381.10	236.00	1.04	83.00	10928.16	3
123.00	66902.94	360.00	2.27	103.00	10801.74	3
19.00	68316.01	44.00	1.48	11.00	9946.38	3
9.00	68199.47	31.00	0.49	5.00	9994.51	3
138.00	47488.77	413.00	0.70	326.00	7970.04	3
623.00	51357.38	1395.00	7.23	1056.00	7407.85	3
134.00	61571.60	411.00	2.39	176.00	8046.39	3
71.00	61666.75	147.00	2.20	133.00	8953.67	3
822.00	51184.97	1766.00	11.67	3287.00	8398.09	3
49.00	47482.56	134.00	0.68	111.00	9768.44	3
307.00	53161.39	1132.00	0.83	440.00	9820.35	3
240.00	61610.59	727.00	1.74	909.00	10359.28	3
627.00	47867.33	1644.00	4.54	1330.00	10857.46	3
410.00	47846.78	1334.00	2.51	641.00	11390.54	3
289.00	49541.22	725.00	2.96	576.00	12094.77	3
331.00	70946.03	970.00	1.08	983.00	15454.82	3
1741.00	50573.01	5331.00	3.52	3352.00	12580.88	3
416.00	75284.28	1352.00	1.82	1828.00	12052.78	3
409.00	69000.23	1412.00	2.11	1566.00	14113.78	3
71.00	75326.82	200.00	3.13	720.00	13198.77	3
255.00	56032.61	842.00	1.76	338.00	11864.78	3
24.00	47479.93	65.00	0.51	85.00	11318.76	3
465.00	81174.43	1193.00	2.38	1280.00	13363.05	3
162.00	81336.51	518.00	0.76	521.00	14433.35	3
187.00	81432.98	640.00	0.66	916.00	16978.52	3
139.00	81168.18	439.00	0.56	453.00	16933.56	3
31.00	71000.73	100.00	2.01	25.00	18216.08	3
1421.00	47140.47	3798.00	4.83	2352.00	10058.49	3
58.00	46626.50	99.00	5.66	97.00	9951.54	3
0.00	37550.73	0.00	0.00	0.00	8170.48	3
1547.00	41796.08	3692.00	6.67	2344.00	8380.57	3
1110.00	45389.19	2952.00	4.46	1802.00	7641.53	3
2646.00	45995.76	6639.00	4.18	4593.00	6560.71	3
3.00	46925.00	5.00	0.00	0.00	5089.74	3
1112.00	50021.30	2960.00	4.00	2017.00	5065.63	3
1011.00	46965.70	2534.00	4.75	1564.00	3714.40	3
704.00	32163.21	1705.00	4.37	1047.00	4559.75	3
1383.00	32512.11	2858.00	7.97	1873.00	6073.96	3
978.00	47274.45	2258.00	3.07	1601.00	5946.05	3
2695.00	48579.50	5867.00	4.91	4273.00	4331.21	3
1687.00	46183.43	4078.00	4.75	2448.00	3080.71	3
1125.00	82349.51	2821.00	2.30	2219.00	7144.49	3
2.00	82834.45	3.00	0.94	0.00	4049.34	3
212.00	82689.29	656.00	1.05	499.00	6111.13	3
317.00	82608.00	983.00	1.76	748.00	6331.42	3
535.00	74448.77	1724.00	1.84	2195.00	8091.11	3
151.00	71427.67	494.00	1.23	372.00	8429.80	3
394.00	71620.26	872.00	3.25	665.00	8751.34	3
15.00	71417.94	29.00	0.63	14.00	9818.83	3
0.00	71313.69	0.00	0.00	0.00	10505.77	3
917.00	82704.46	2519.00	1.59	1784.00	4502.76	3
0.00	316.33	0.00	0.00	0.00	9846.60	4
0.00	674.61	0.00	0.00	0.00	11170.31	4
0.00	0.58	0.00	0.00	0.00	12562.76	4
415.00	6865.14	1092.00	4.74	0.00	11665.85	4
132.00	21352.06	808.00	5.74	147.00	9017.71	4
0.00	1162.30	76.00	0.00	0.00	9653.84	4
154.00	41554.83	416.00	4.26	202.00	10183.67	4
3093.00	45043.24	7086.00	6.07	4183.00	9236.54	4
2115.00	47441.74	4670.00	6.39	3268.00	8740.95	4
1285.00	50626.77	3098.00	5.53	1977.00	8549.51	4
2488.00	58584.77	6052.00	4.56	3743.00	9175.23	4
1823.00	70340.02	4404.00	5.34	2973.00	8022.24	4
870.00	57496.24	2241.00	5.85	1303.00	7228.94	4
1059.00	61183.45	2591.00	5.59	1617.00	7254.98	4
1443.00	63101.83	3711.00	5.01	2272.00	7530.87	4
1033.00	87460.15	2836.00	4.83	1773.00	7619.83	4
1448.00	66545.34	3199.00	7.03	1951.00	8733.12	4
1155.00	47901.02	2742.00	10.53	1406.00	9731.23	4
3011.00	72397.55	7197.00	4.72	4858.00	9224.32	4
1526.00	66722.39	3492.00	5.13	2415.00	9785.69	4
930.00	64613.65	2072.00	5.17	1376.00	9221.87	4
1218.00	62281.32	2698.00	6.47	1930.00	8216.73	4
857.00	81403.15	2020.00	5.54	1401.00	8558.96	4
1223.00	74695.02	2837.00	6.05	1922.00	7781.70	4
2463.00	60624.21	5216.00	6.01	3599.00	6859.26	4
1251.00	61405.24	1874.00	19.79	1703.00	5941.98	4
1268.00	56839.74	2495.00	10.68	1987.00	5048.75	4
2667.00	39472.86	4661.00	16.13	3166.00	4509.75	4
2430.00	56438.18	5118.00	9.59	3706.00	6123.16	4
2641.00	48848.14	5966.00	8.92	3639.00	5373.67	4
2870.00	28422.18	6110.00	15.25	3151.00	4204.08	4
1453.00	32040.73	4670.00	7.26	2000.00	4089.99	4
1930.00	37523.22	5640.00	7.05	2727.00	5280.03	4
1261.00	54850.51	3047.00	7.06	1826.00	6462.74	4
943.00	48409.90	2474.00	5.91	1366.00	6381.58	4
1049.00	47984.37	2442.00	6.12	1490.00	6476.12	4
2797.00	43541.72	6505.00	7.32	4024.00	5393.48	4
2036.00	29527.65	4736.00	11.09	2578.00	4236.41	4
1209.00	34513.71	2809.00	7.32	1714.00	4681.36	4
976.00	36607.57	2475.00	6.44	1355.00	5404.02	4
1935.00	48112.17	4475.00	6.31	2874.00	6588.89	4
935.00	50010.30	2168.00	5.50	1246.00	7413.28	4
403.00	43063.77	954.00	6.16	614.00	6366.56	4
1496.00	45376.06	3158.00	6.74	2069.00	7939.71	4
1768.00	43456.07	4211.00	6.19	2225.00	7101.86	4
1669.00	59658.88	3912.00	5.83	2365.00	6524.92	4
3009.00	36205.03	6867.00	7.60	3804.00	5571.23	4
1656.00	40810.31	3689.00	36.42	2180.00	5016.38	4
409.00	44889.39	1119.00	6.50	700.00	4773.77	4
1040.00	44782.22	2542.00	6.12	1419.00	4662.34	4
76.00	47452.58	171.00	9.38	144.00	4363.76	4
25.00	30344.13	458.00	4.48	27.00	3269.93	4
50.00	25087.22	1115.00	48.74	47.00	2683.93	4
554.00	25010.69	3547.00	18.42	1206.00	3394.37	4
599.00	18952.18	985.00	52.64	470.00	2050.81	4
179.00	17019.01	1228.00	5.91	238.00	2877.81	4
298.00	14702.72	1294.00	9.13	386.00	2649.33	4
1845.00	31582.41	3363.00	18.48	2099.00	4030.09	4
1480.00	32252.94	2903.00	14.24	1616.00	3349.84	4
1700.00	14681.50	2863.00	55.72	1282.00	1991.26	4
2613.00	21358.01	7041.00	11.39	2767.00	2547.56	4
672.00	26938.60	2117.00	9.71	460.00	3688.81	4
698.00	26466.43	2068.00	8.53	908.00	3329.18	4
1318.00	19226.14	3131.00	13.23	1273.00	2248.85	4
3676.00	26145.96	6410.00	30.55	3015.00	2246.49	4
1242.00	22739.91	2890.00	15.58	1187.00	3232.96	4
2474.00	28001.33	5140.00	20.08	2724.00	3305.73	4
3356.00	28503.67	5934.00	20.21	2226.00	2549.31	4
3513.00	32194.90	5933.00	23.20	3265.00	3407.80	4
3964.00	48728.13	7177.00	11.98	4688.00	3178.50	4
1351.00	81154.51	3056.00	6.25	1918.00	4125.40	4
821.00	77528.29	1978.00	4.13	1254.00	4661.24	4
866.00	59772.19	2140.00	5.02	1553.00	3795.95	4
779.00	42813.27	1878.00	6.70	1313.00	2454.28	4
43.00	46571.49	70.00	3.58	284.00	2116.02	4
851.00	20019.32	2986.00	9.09	754.00	2227.12	4
1600.00	19893.99	5047.00	8.82	1525.00	2413.12	4
1410.00	36746.84	4333.00	5.10	2242.00	3695.51	4
815.00	32914.67	2250.00	5.64	1240.00	4394.56	4
934.00	25760.56	2916.00	5.79	1592.00	3137.92	4
798.00	24381.18	1812.00	7.48	1033.00	2313.09	4
12.00	22452.24	23.00	0.00	7.00	1173.58	4
2.00	23952.10	142.00	0.00	6.00	1049.15	4
214.00	54761.15	330.00	111.00	292.00	1026.98	4
74.00	55103.13	122.00	1000.00	58.00	483.56	4
986.00	35754.00	1259.00	115.66	740.00	411.96	4
303.00	36039.16	320.00	82.22	112.00	339.74	4
0.00	22390.28	0.00	0.00	0.00	1183.62	4
31.00	24034.29	36.00	0.00	93.00	1219.82	4
187.00	31805.39	207.00	30.36	295.00	1431.46	4
1444.00	31341.08	2004.00	62.33	1102.00	1545.35	4
1735.00	27035.60	2381.00	57.86	1400.00	1982.71	4
1521.00	30734.68	1990.00	71.87	1699.00	1415.41	4
84.00	38116.60	285.00	7400.00	0.00	876.67	4
201.00	38100.09	438.00	0.00	27.00	804.00	4
241.00	38115.03	489.00	83.75	13.00	820.05	4
4.00	32293.04	4.00	0.00	0.00	1360.95	4
951.00	18566.86	1868.00	32.51	627.00	1485.02	4
727.00	26750.12	1594.00	3600.00	690.00	1028.59	4
73.00	26444.45	193.00	0.00	0.00	788.44	4
0.00	35760.50	0.00	0.00	0.00	380.40	4
269.00	35754.00	399.00	110.58	125.00	140.41	4
9.00	39703.09	423.00	0.00	0.00	702.06	4
1029.00	17981.27	2167.00	24.41	657.00	1592.34	4
20.00	39425.50	36.00	25.64	4.00	1377.96	4
2.00	42835.20	15.00	0.00	330.00	1187.18	4
227.00	24621.20	452.00	17.00	266.00	1415.87	4
2536.00	25371.55	4724.00	21.02	2151.00	2039.75	4
1300.00	19487.16	3558.00	15.37	1286.00	2553.09	4
0.00	34324.72	0.00	0.00	0.00	4175.71	4
46.00	33853.00	118.00	66.57	67.00	4649.99	4
1530.00	33853.03	3809.00	8.13	1914.00	3519.95	4
693.00	33852.08	1711.00	7.66	958.00	3492.30	4
0.00	33853.00	28.00	0.00	0.00	4447.68	4
0.00	33891.60	0.00	0.00	0.00	4783.37	4
0.00	33857.94	0.00	0.00	0.00	3541.96	4
497.00	33324.32	1287.00	8.31	621.00	2509.82	4
1597.00	34340.71	3040.00	11.03	1736.00	1903.12	4
60.00	44224.32	121.00	0.00	134.00	867.75	4
710.00	39270.16	1360.00	10.60	390.00	1255.65	4
174.00	33125.00	492.00	6.78	479.00	1765.77	4
3.00	17782.66	8.00	0.00	0.00	1794.29	4
559.00	31415.18	1442.00	7.53	900.00	4682.36	4
2241.00	44764.83	5425.00	5.95	3282.00	5796.95	4
276.00	40170.57	696.00	5.30	422.00	5827.48	4
1652.00	38864.86	4057.00	6.34	2412.00	4944.92	4
1892.00	31165.10	5540.00	6.67	2349.00	3860.60	4
2373.00	23492.68	6746.00	8.68	2344.00	3238.26	4
1651.00	35278.93	4356.00	6.66	2045.00	4388.89	4
816.00	39959.81	2051.00	6.80	1177.00	5410.61	4
590.00	31798.61	1299.00	6.14	762.00	4811.55	4
237.00	32027.50	580.00	5.39	408.00	5496.64	4
24.00	18973.45	41.00	0.00	5.00	2925.92	4
1301.00	34607.83	2671.00	7.77	1444.00	2789.80	4
2602.00	32221.29	6002.00	8.90	3442.00	2995.56	4
1058.00	38844.09	2500.00	5.63	1610.00	4959.54	4
4821.00	45465.06	11374.00	5.38	6189.00	5463.73	4
2913.00	38388.53	6084.00	8.49	3193.00	3787.57	4
643.00	43969.79	1178.00	6.65	1002.00	5169.46	4
915.00	54865.55	2364.00	3.07	1419.00	6336.34	4
854.00	55633.70	2183.00	3.22	1343.00	6834.28	4
0.00	41685.95	0.00	0.00	0.00	5883.90	4
0.00	37143.84	0.00	0.00	0.00	4863.47	4
1153.00	39119.42	3000.00	4.71	1364.00	7839.96	4
2123.00	35778.57	4742.00	5.92	2933.00	6744.29	4
1795.00	36595.62	4449.00	5.09	1766.00	7097.84	4
628.00	54988.54	1610.00	4.11	889.00	10346.97	4
1780.00	50169.52	4399.00	4.00	2840.00	11477.46	4
1954.00	40291.67	4640.00	5.41	2236.00	12644.74	4
552.00	40877.60	1428.00	3.86	785.00	12718.66	4
1003.00	49739.82	2528.00	3.99	1504.00	11504.10	4
427.00	48213.21	1013.00	3.55	548.00	10410.28	4
601.00	36099.47	1119.00	6.85	717.00	10467.97	4
607.00	49647.30	1537.00	3.85	413.00	11579.97	4
901.00	45643.08	1848.00	6.15	1167.00	12757.84	4
697.00	49830.35	1752.00	3.79	863.00	12568.00	4
825.00	40684.53	1388.00	9.39	1129.00	10995.56	4
796.00	51836.44	1801.00	4.94	1113.00	10733.09	4
941.00	53987.86	2434.00	3.43	1424.00	11775.28	4
812.00	36660.88	1590.00	9.50	1095.00	13008.21	4
579.00	43667.10	1488.00	3.44	742.00	12695.77	4
694.00	55817.61	1631.00	5.02	1005.00	11732.33	4
507.00	51809.34	1068.00	5.22	683.00	10978.95	4
832.00	37183.72	1344.00	13.03	985.00	13486.86	4
266.00	40907.70	545.00	3.32	665.00	14587.25	4
1.00	40738.45	3.00	0.00	0.00	14013.71	4
781.00	41363.36	1553.00	7.61	788.00	14320.57	4
855.00	45824.87	2372.00	4.37	1510.00	14026.72	4
987.00	49479.60	2362.00	3.45	1737.00	15617.29	4
924.00	53311.02	2234.00	3.06	1894.00	17555.39	4
2108.00	49294.09	5257.00	3.04	3563.00	18304.18	4
1148.00	50379.33	2962.00	2.65	1893.00	15919.89	4
800.00	42952.36	1928.00	3.78	1216.00	16362.67	4
742.00	44576.19	1915.00	2.59	1152.00	14769.04	4
928.00	45697.87	2127.00	4.48	1275.00	13983.67	4
268.00	44520.66	740.00	3.10	420.00	13597.83	4
99.00	45503.14	250.00	4.55	143.00	13633.12	4
181.00	46453.40	489.00	3.40	286.00	13718.37	4
822.00	46453.00	2020.00	3.66	1209.00	14884.05	4
566.00	45509.64	1266.00	4.83	841.00	14803.94	4
927.00	44201.94	1989.00	5.55	1414.00	16397.12	4
205.00	46607.42	521.00	3.06	311.00	16294.80	4
1274.00	58479.08	2776.00	4.12	2141.00	18296.43	4
1089.00	61822.53	3241.00	2.06	2191.00	19928.66	4
2161.00	64632.31	6103.00	2.46	4470.00	21052.38	4
2033.00	57074.34	4811.00	3.93	3291.00	19020.96	4
1609.00	56602.19	3999.00	3.03	2869.00	18241.41	4
917.00	56961.62	2505.00	3.99	1763.00	17318.95	4
591.00	56462.81	1615.00	2.56	1042.00	16799.93	4
37.00	56441.82	60.00	13.17	70.00	16954.63	4
219.00	46992.08	522.00	3.57	354.00	16196.33	4
619.00	46970.75	1707.00	2.84	954.00	14996.56	4
210.00	47078.48	248.00	21.10	228.00	13847.04	4
0.00	58576.67	0.00	0.00	0.00	14049.71	4
1552.00	58779.19	4065.00	3.00	2655.00	15087.05	4
625.00	46330.67	1259.00	5.53	960.00	15039.86	4
1021.00	46363.95	2495.00	3.75	1714.00	15955.35	4
5.00	76232.00	11.00	0.00	529.00	15468.19	4
1458.00	94925.23	3770.00	3.08	2977.00	17013.31	4
913.00	76062.38	2359.00	1.99	1225.00	17095.12	4
1553.00	77234.55	4013.00	2.79	3393.00	19313.87	4
636.00	65230.24	1405.00	5.65	1279.00	18682.86	4
1189.00	63944.47	3205.00	3.16	2208.00	20524.91	4
884.00	66323.50	2154.00	4.54	2195.00	21776.82	4
1241.00	76220.67	3351.00	2.91	2644.00	19462.60	4
530.00	39397.81	706.00	17.02	715.00	13810.41	4
1613.00	32594.66	2336.00	19.33	1471.00	12939.40	4
12.00	47704.88	35.00	3.17	4.00	11996.25	4
993.00	48194.65	1641.00	16.80	1432.00	11300.64	4
1013.00	68344.22	2386.00	3.48	1648.00	10343.98	4
448.00	50764.73	673.00	20.36	647.00	14223.93	4
1537.00	55526.13	3388.00	4.60	2568.00	13406.69	4
691.00	48083.93	1792.00	2.49	1253.00	12317.24	4
1175.00	79425.52	2848.00	3.38	2064.00	11213.74	4
1200.00	97235.83	2978.00	3.13	2337.00	10019.54	4
957.00	110029.56	2762.00	2.97	1857.00	9030.55	4
1977.00	67861.36	5084.00	3.97	3442.00	8058.01	4
2037.00	63695.95	4523.00	2.49	3569.00	10943.68	4
624.00	90926.12	1639.00	2.48	1166.00	11104.84	4
508.00	90795.52	1396.00	2.65	1004.00	12782.87	4
859.00	66756.94	2253.00	2.04	2408.00	12161.64	4
1159.00	77390.89	2493.00	3.31	2054.00	13295.14	4
615.00	112082.34	1806.00	1.40	1355.00	14675.99	4
154.00	89247.10	485.00	2.74	328.00	13673.62	4
577.00	90735.28	1739.00	2.10	1123.00	12112.27	4
1148.00	89160.94	3221.00	2.36	2254.00	13102.61	4
54.00	76288.90	101.00	7.84	89.00	14176.95	4
0.00	76194.60	0.00	0.00	0.00	14915.69	4
4.00	90938.93	16.00	3.63	2.00	15459.28	4
1349.00	76453.96	3213.00	3.32	2648.00	14660.28	4
35.00	110769.15	89.00	3.50	93.00	15818.84	4
1259.00	100318.34	3721.00	2.37	2276.00	22321.52	4
1991.00	77126.35	5550.00	2.97	2202.00	20195.50	4
756.00	61797.03	1859.00	4.28	1315.00	18869.07	4
465.00	58952.40	1119.00	2.34	78.00	17711.97	4
9.00	77056.67	20.00	1.49	67.00	16873.95	4
3.00	72875.00	6.00	0.00	0.00	16292.37	4
1.00	76728.38	4.00	0.00	0.00	15234.26	4
234.00	71743.25	357.00	116.92	524.00	15429.23	4
201.00	72568.20	648.00	1.21	656.00	16777.59	4
378.00	72719.45	1237.00	1.58	3984.00	18074.49	4
44.00	90794.77	150.00	1.37	12.00	21122.57	4
215.00	65905.12	468.00	5.44	381.00	17823.74	4
467.00	72536.83	1038.00	6.95	52.00	19028.51	4
1202.00	59270.44	2395.00	9.65	1309.00	19836.63	4
1.00	60543.08	2.00	0.00	0.00	18561.13	4
0.00	58832.03	0.00	0.00	0.00	18537.06	4
1077.00	87954.61	2829.00	3.10	1599.00	21434.23	4
208.00	103175.60	660.00	1.17	348.00	24154.59	4
3.00	100783.91	5.00	0.00	0.00	25723.16	4
72.00	104579.29	234.00	0.90	1193.00	24116.31	4
348.00	102811.80	854.00	2.30	1634.00	23008.44	4
428.00	91241.19	1322.00	2.34	1525.00	21803.25	4
315.00	62175.52	601.00	9.40	576.00	20032.30	4
1481.00	83790.50	4504.00	2.95	1638.00	22085.03	4
640.00	62172.43	1677.00	2.68	1449.00	18686.32	4
927.00	74083.01	2658.00	2.49	1173.00	19632.60	4
1762.00	88600.91	5506.00	1.78	2487.00	21205.93	4
901.00	44222.33	2021.00	2.49	1331.00	11999.75	4
529.00	35927.65	1264.00	5.00	712.00	13637.55	4
2180.00	33955.81	4187.00	9.09	2918.00	12878.91	4
341.00	36047.79	841.00	2.88	859.00	11987.70	4
1337.00	38739.97	2424.00	13.83	1847.00	11274.24	4
6.00	43229.29	14.00	0.00	2.00	13801.35	4
1918.00	46172.19	3990.00	8.62	2997.00	13600.32	4
782.00	44293.43	2003.00	3.15	1269.00	9898.39	4
775.00	43605.17	1436.00	18.78	1045.00	10056.95	4
823.00	43864.37	1715.00	6.71	1245.00	10066.74	4
145.00	44699.60	168.00	87.29	199.00	10691.59	4
1806.00	48682.61	4250.00	5.78	2663.00	10452.24	4
1008.00	46612.47	2328.00	5.61	1623.00	9397.12	4
1197.00	55026.08	2717.00	5.63	1535.00	8409.45	4
567.00	52424.43	1146.00	5.77	792.00	7964.58	4
171.00	44161.96	409.00	3.70	239.00	9113.98	4
357.00	43555.45	886.00	3.95	711.00	8358.10	4
400.00	47257.31	579.00	27.25	251.00	7624.06	4
1010.00	46766.59	1610.00	15.13	1603.00	6746.24	4
826.00	37745.23	1211.00	18.59	965.00	6835.63	4
1471.00	75684.30	3560.00	3.67	2689.00	6078.32	4
589.00	63308.73	1128.00	4.19	824.00	5537.74	4
0.00	44080.69	0.00	0.00	0.00	6274.75	4
413.00	42173.88	664.00	6.76	348.00	6955.41	4
1246.00	41037.57	2760.00	5.67	1773.00	7789.25	4
1980.00	51247.94	4735.00	5.44	2866.00	7571.53	4
864.00	51473.12	2235.00	4.27	1534.00	9545.79	4
1274.00	41720.29	2708.00	5.93	1697.00	8676.43	4
1078.00	57912.07	2813.00	2.94	1771.00	9841.46	4
1234.00	60668.86	2253.00	11.91	2410.00	14472.11	4
587.00	59570.21	1132.00	3.81	1054.00	15746.58	4
338.00	80418.25	1320.00	1.65	710.00	17241.96	4
483.00	59973.09	1382.00	1.42	1193.00	15370.69	4
858.00	73332.88	2257.00	1.84	1915.00	16718.06	4
641.00	80525.55	1945.00	1.24	1529.00	17980.79	4
453.00	80562.71	1416.00	1.54	963.00	18704.33	4
482.00	75926.74	1543.00	1.74	997.00	19970.80	4
1423.00	68395.54	3528.00	3.02	2954.00	21121.06	4
781.00	87752.77	2363.00	1.95	1767.00	19182.28	4
383.00	93746.64	1135.00	1.12	840.00	20597.17	4
655.00	91421.18	1892.00	1.80	998.00	18771.05	4
494.00	96315.24	1447.00	1.11	969.00	19845.79	4
498.00	76286.36	1415.00	1.62	1391.00	18382.52	4
567.00	79095.57	1579.00	1.25	1367.00	17278.66	4
484.00	79241.96	1419.00	1.18	1000.00	16102.00	4
424.00	59271.20	1188.00	1.50	718.00	14908.23	4
683.00	76428.83	1913.00	1.30	1288.00	14773.50	4
440.00	76294.70	1152.00	1.72	766.00	13449.88	4
826.00	88221.96	2197.00	1.40	2282.00	13129.77	4
2803.00	51466.55	5756.00	4.85	4514.00	11379.01	4
0.00	84931.66	0.00	0.00	0.00	13079.10	4
115.00	89110.26	327.00	0.80	214.00	14479.52	4
708.00	89928.74	1949.00	1.25	1723.00	14628.46	4
692.00	101507.12	2354.00	1.05	1551.00	16315.63	4
193.00	97626.99	569.00	0.96	344.00	16960.42	4
492.00	75482.41	1316.00	1.59	800.00	17325.77	4
176.00	102346.92	496.00	0.50	414.00	19321.13	4
697.00	57272.19	1389.00	4.62	1192.00	25307.80	4
661.00	90271.32	1554.00	2.51	1299.00	24720.57	4
378.00	100474.66	1237.00	1.42	1214.00	22749.05	4
1030.00	83283.49	2630.00	1.31	2308.00	22979.45	4
642.00	102515.31	1639.00	1.19	1435.00	20824.43	4
338.00	50764.23	900.00	1.02	687.00	24737.66	4
616.00	58329.37	1590.00	1.76	1190.00	25972.09	4
984.00	93364.84	2938.00	1.10	2808.00	28413.13	4
312.00	55329.54	860.00	1.29	607.00	27666.95	4
1047.00	73087.51	2309.00	2.87	2215.00	28844.25	4
1262.00	70291.21	3334.00	2.62	2382.00	30381.16	4
404.00	77635.59	1150.00	1.51	889.00	32391.57	4
464.00	62520.14	1183.00	2.32	802.00	30596.02	4
1253.00	72091.71	3222.00	2.13	2575.00	30632.90	4
751.00	78965.89	2120.00	1.05	1346.00	35123.88	4
1227.00	78861.38	3403.00	1.39	1984.00	36546.22	4
1621.00	65330.10	4827.00	0.87	3470.00	34752.12	4
539.00	85045.52	1557.00	1.20	1042.00	27897.13	4
86.00	85179.11	248.00	0.80	345.00	23923.28	4
396.00	85168.20	1229.00	0.87	586.00	23275.53	4
153.00	85167.83	466.00	0.59	383.00	22641.91	4
676.00	90169.62	1743.00	1.36	1187.00	22963.07	4
842.00	93799.82	2355.00	0.91	2090.00	28057.20	4
365.00	91655.06	1060.00	0.71	778.00	22121.14	4
679.00	91223.61	2046.00	0.92	1435.00	25328.43	4
46.00	92865.76	140.00	0.82	55.00	26364.81	4
251.00	66449.76	661.00	0.77	516.00	20852.26	4
362.00	65833.00	803.00	3.20	642.00	18878.96	4
587.00	65867.41	974.00	3.86	1215.00	18850.00	4
929.00	80412.75	2605.00	1.85	2029.00	19153.38	4
726.00	78994.32	1967.00	2.19	1810.00	17928.21	4
347.00	98172.34	767.00	2.10	894.00	16374.66	4
0.00	99091.13	0.00	0.00	0.00	15389.65	4
161.00	58311.51	482.00	1.68	365.00	14603.13	4
907.00	58830.14	2186.00	1.92	2109.00	13003.90	4
1330.00	59548.29	2662.00	5.93	1734.00	11248.61	4
397.00	58999.89	896.00	3.15	1033.00	11444.70	4
1170.00	55982.21	3016.00	3.03	2298.00	11614.84	4
1148.00	71874.14	3121.00	2.56	2099.00	13241.76	4
475.00	60995.39	1451.00	1.63	1036.00	13487.00	4
0.00	57453.72	0.00	0.00	0.00	14730.05	4
2.00	57328.00	4.00	0.00	2.00	14582.17	4
233.00	59997.82	488.00	3.46	310.00	15658.38	4
350.00	68905.59	978.00	1.43	801.00	15642.66	4
708.00	73742.72	2417.00	1.78	1364.00	16907.37	4
520.00	60257.17	950.00	7.38	1923.00	16642.16	4
712.00	61423.46	1860.00	2.11	1560.00	17427.60	4
793.00	80380.14	2649.00	1.72	2020.00	18311.15	4
939.00	85058.28	2917.00	1.69	2336.00	19476.15	4
261.00	110735.55	873.00	1.79	1786.00	20046.16	4
21.00	109744.32	69.00	1.45	235.00	18899.60	4
74.00	97396.06	207.00	0.80	1809.00	18877.50	4
105.00	97574.01	376.00	0.69	265.00	20103.41	4
136.00	97539.68	433.00	0.92	551.00	17602.60	4
1051.00	95799.22	3030.00	2.46	3627.00	16805.19	4
1312.00	57635.85	2978.00	6.75	2644.00	16510.08	4
167.00	58249.01	520.00	2.41	311.00	15565.35	4
419.00	73948.05	1175.00	2.89	1172.00	14855.17	4
614.00	56011.48	1899.00	3.62	1669.00	13658.34	4
1100.00	98807.19	3568.00	2.49	2755.00	14703.73	4
828.00	88749.31	2684.00	1.81	3030.00	15493.98	4
0.00	83603.05	0.00	0.00	105.00	16610.19	4
141.00	83298.99	459.00	1.80	95.00	14870.40	4
214.00	75802.54	522.00	3.18	943.00	13637.90	4
1110.00	56937.71	2576.00	4.89	1836.00	12972.90	4
1426.00	54696.06	3521.00	3.97	2639.00	12324.06	4
1021.00	53533.78	2667.00	4.34	1689.00	10688.14	4
1150.00	50366.28	3250.00	3.75	1843.00	9923.81	4
1333.00	62746.71	3686.00	2.78	2444.00	9828.24	4
51.00	62898.70	106.00	8.84	85.00	10028.14	4
194.00	62625.83	394.00	6.23	267.00	9202.89	4
202.00	59481.77	493.00	3.37	364.00	9553.45	4
922.00	59524.83	2417.00	2.42	1681.00	7511.32	4
32.00	59464.00	81.00	2.43	60.00	8184.97	4
251.00	58217.27	619.00	2.03	302.00	6493.86	4
576.00	50254.75	1190.00	4.11	901.00	6883.64	4
125.00	50171.59	511.00	3.36	344.00	7856.97	4
1342.00	50042.56	3149.00	3.32	2330.00	8323.91	4
43.00	50032.75	130.00	1.86	79.00	8066.89	4
1800.00	50565.46	4094.00	4.85	2971.00	8821.23	4
266.00	82550.49	679.00	1.67	511.00	5256.72	4
383.00	82464.33	894.00	2.15	697.00	5054.95	4
591.00	76806.24	1623.00	2.04	1045.00	5240.43	4
1490.00	57275.24	3931.00	4.50	2521.00	5550.57	4
1652.00	70638.72	4234.00	2.61	2997.00	6431.97	4
1068.00	50246.18	2922.00	3.04	1723.00	7529.06	4
1866.00	36627.80	4154.00	6.29	2262.00	7518.36	4
1426.00	58254.35	3457.00	4.70	2367.00	6894.24	4
812.00	48255.33	1957.00	3.96	1145.00	8435.31	4
1103.00	55391.54	2594.00	3.57	1751.00	9505.40	4
367.00	60272.12	1000.00	2.96	629.00	10535.34	4
659.00	60038.35	1908.00	3.28	1161.00	11256.18	4
564.00	47572.20	1736.00	2.98	971.00	11866.30	4
586.00	47560.00	1368.00	5.33	901.00	11181.03	4
82.00	37365.28	166.00	10.25	132.00	12669.26	4
971.00	38141.15	2483.00	5.83	1435.00	12000.32	4
1088.00	40623.70	2803.00	3.85	1537.00	11040.51	4
1463.00	48570.23	3877.00	4.03	2299.00	10218.76	4
915.00	51167.10	2322.00	3.88	1410.00	9280.09	4
838.00	50547.39	1917.00	3.90	1367.00	8126.34	4
1035.00	40973.78	2278.00	3.85	1634.00	9271.36	4
1084.00	52034.89	2825.00	4.36	1749.00	9603.40	4
440.00	48415.61	904.00	8.65	723.00	9972.61	4
513.00	52763.05	1452.00	2.93	912.00	10955.53	4
839.00	44110.99	1842.00	4.90	1206.00	11749.89	4
1575.00	40978.22	4002.00	4.84	2414.00	12419.33	4
424.00	40387.02	1243.00	2.90	672.00	13449.27	4
2551.00	39152.43	4907.00	8.85	3650.00	12904.51	4
1890.00	50651.97	4996.00	3.70	2877.00	11155.72	4
723.00	42491.10	1906.00	3.50	1028.00	10700.05	4
0.00	40860.77	0.00	0.00	0.00	9301.05	4
2237.00	43433.33	5776.00	3.38	3306.00	8946.99	4
100.00	39811.98	126.00	7.73	212.00	9787.65	4
590.00	41805.37	1320.00	5.18	940.00	10231.89	4
287.00	42351.88	606.00	10.99	447.00	10984.23	4
377.00	51556.00	1089.00	3.70	621.00	11670.45	4
1077.00	47172.32	3153.00	3.23	1795.00	12133.01	4
1474.00	39945.34	4010.00	4.62	2235.00	11013.52	4
298.00	47747.46	797.00	2.50	454.00	10987.06	4
1076.00	60524.07	2987.00	2.58	2235.00	13329.62	4
983.00	63185.32	2982.00	2.83	1701.00	12563.45	4
1530.00	58046.48	4480.00	3.55	2594.00	13490.38	4
1764.00	64358.01	5788.00	3.12	2871.00	13736.72	4
947.00	65464.52	3081.00	3.54	1813.00	14503.59	4
576.00	78531.98	1785.00	1.92	3809.00	15467.83	4
227.00	78637.00	719.00	0.97	770.00	15269.94	4
141.00	71119.36	394.00	2.35	392.00	17290.36	4
361.00	70822.96	1127.00	1.71	646.00	17392.30	4
481.00	70792.69	1401.00	1.60	444.00	18814.97	4
96.00	68060.48	301.00	1.16	100.00	19354.02	4
24.00	68041.51	71.00	1.68	0.00	20103.41	4
2.00	68098.24	8.00	0.00	0.00	20462.61	4
8.00	68042.42	27.00	0.96	0.00	19058.53	4
0.00	68049.05	0.00	0.00	0.00	18200.05	4
173.00	76782.12	570.00	1.52	2245.00	16421.88	4
15.00	68085.81	39.00	0.66	1891.00	16883.23	4
1621.00	40899.79	4121.00	5.47	2571.00	14964.73	4
1846.00	57608.86	5262.00	3.86	3311.00	15476.92	4
463.00	67655.31	973.00	5.61	700.00	17517.22	4
416.00	57724.10	1319.00	3.24	740.00	16247.26	4
110.00	51904.04	332.00	2.32	159.00	16405.51	4
4.00	51814.00	10.00	0.00	7.00	15596.16	4
66.00	51785.31	183.00	1.24	129.00	14792.72	4
14.00	49791.75	40.00	0.65	5.00	14961.17	4
2026.00	46173.48	5767.00	3.70	3353.00	13962.82	4
1815.00	36934.97	4393.00	7.12	2513.00	12403.34	4
1504.00	51650.36	4032.00	3.45	2485.00	13397.56	4
464.00	51814.58	1614.00	2.80	834.00	14396.80	4
2.00	49741.62	8.00	0.00	2.00	17405.65	4
857.00	44616.65	2405.00	4.53	1344.00	18134.11	4
642.00	66605.96	1972.00	2.85	1145.00	19836.38	4
0.00	65116.83	0.00	0.00	0.00	18684.17	4
1957.00	74193.15	6846.00	2.60	3917.00	21085.57	4
583.00	71539.57	1998.00	2.48	942.00	22458.15	4
212.00	77494.56	764.00	1.53	1358.00	21757.75	4
1583.00	67378.10	4439.00	2.57	3659.00	19825.62	4
5.00	67194.62	10.00	0.00	0.00	17327.57	4
1388.00	68122.19	3689.00	3.04	3552.00	15774.25	4
1138.00	69200.87	3252.00	3.02	2337.00	17262.60	4
1080.00	83010.03	3493.00	2.42	2365.00	18868.97	4
524.00	102283.78	1704.00	1.40	1163.00	20391.93	4
615.00	96274.53	2127.00	1.34	2710.00	22403.23	4
173.00	87298.21	598.00	1.54	3183.00	23482.10	4
1085.00	81803.93	3055.00	3.35	2372.00	19613.29	4
1.00	67363.73	3.00	2.88	0.00	18881.53	4
1024.00	75276.50	3134.00	2.81	2618.00	21490.65	4
557.00	77584.29	1629.00	2.84	280.00	23321.22	4
72.00	75225.47	233.00	1.05	83.00	24730.25	4
29.00	87080.26	86.00	0.56	0.00	25757.68	4
456.00	66029.00	1577.00	1.93	1367.00	20688.02	4
136.00	66034.53	358.00	1.38	343.00	20698.46	4
540.00	63965.58	1534.00	2.12	1184.00	23400.98	4
887.00	65996.40	2904.00	2.22	1936.00	22961.41	4
1861.00	68070.31	5908.00	2.64	4254.00	21527.73	4
429.00	73914.93	1203.00	1.85	2732.00	23409.51	4
1114.00	54282.24	3365.00	2.60	1861.00	25957.20	4
359.00	66803.66	1293.00	0.90	895.00	27763.87	4
79.00	66883.99	291.00	0.77	120.00	25065.87	4
476.00	66908.06	1410.00	1.28	469.00	28358.92	4
445.00	66873.44	1398.00	1.01	1214.00	31603.67	4
255.00	75867.06	875.00	0.62	188.00	33186.93	4
109.00	75878.00	292.00	2.22	253.00	30802.45	4
562.00	75875.92	1751.00	0.68	660.00	33896.66	4
493.00	78616.46	1731.00	0.61	1423.00	30248.90	4
595.00	78675.98	1858.00	0.81	814.00	28886.23	4
457.00	78660.16	1610.00	0.70	625.00	27267.31	4
620.00	78479.15	1890.00	0.74	1610.00	35598.82	4
0.00	30951.32	0.00	0.00	0.00	825.76	5
771.00	28967.37	1138.00	0.00	1320.00	505.38	5
479.00	29026.75	682.00	0.00	773.00	792.80	5
30.00	28311.81	33.00	0.00	4.00	1079.82	5
0.00	32310.38	0.00	0.00	132.00	1522.83	5
0.00	28926.60	17.00	0.00	0.00	894.02	5
878.00	28912.04	1244.00	0.00	1544.00	928.73	5
506.00	28921.00	710.00	0.00	767.00	437.55	5
2.00	29121.98	186.00	0.00	0.00	201.53	5
14.00	28921.00	23.00	0.00	19.00	121.34	5
0.00	22179.36	0.00	0.00	0.00	1318.24	5
0.00	34356.06	0.00	0.00	0.00	913.66	5
0.00	34526.69	18.00	0.00	25.00	846.27	5
3110.00	39137.58	8110.00	5.96	2297.00	1954.04	5
182.00	34583.83	710.00	8.70	248.00	1480.59	5
463.00	21750.25	1555.00	5.90	822.00	2036.42	5
1117.00	41516.66	2993.00	5.48	2830.00	2880.38	5
236.00	22459.76	616.00	3.11	395.00	3007.10	5
0.00	6.92	0.00	0.00	0.00	4794.02	5
0.00	194.03	0.00	0.00	0.00	7118.12	5
425.00	63777.65	1231.00	1.28	2058.00	9174.09	5
922.00	47026.54	2602.00	2.73	2459.00	7205.73	5
997.00	46783.23	2602.00	5.09	2560.00	6529.79	5
173.00	37701.42	477.00	2.16	311.00	5333.44	5
433.00	38288.95	1162.00	5.59	1149.00	6140.05	5
1078.00	39728.09	1891.00	12.78	2705.00	6913.54	5
1072.00	40656.30	2376.00	5.67	2456.00	7069.38	5
1204.00	37354.51	2800.00	6.08	2580.00	6284.59	5
642.00	38194.33	1628.00	4.26	1247.00	5212.50	5
846.00	25827.61	2581.00	4.25	1944.00	3073.18	5
1928.00	36796.73	5053.00	4.26	1496.00	5259.18	5
1928.00	34462.80	4482.00	6.62	4490.00	4217.94	5
2331.00	36295.39	6621.00	7.62	5897.00	3138.82	5
324.00	30774.48	1007.00	8.06	772.00	2781.88	5
23.00	26479.10	293.00	0.00	47.00	1700.57	5
736.00	28273.22	1976.00	9.40	1250.00	2422.99	5
2001.00	33670.16	5250.00	7.19	5131.00	3197.13	5
993.00	31449.98	2795.00	7.69	2353.00	3757.78	5
1288.00	34476.70	3278.00	6.80	3522.00	4241.78	5
16.00	30458.26	29.00	1538.46	8.00	3617.84	5
876.00	34856.17	2114.00	7.20	2159.00	4872.42	5
2162.00	31222.39	5805.00	7.14	5771.00	5836.61	5
2200.00	38667.07	5313.00	5.41	5887.00	7187.17	5
1825.00	51089.34	4691.00	4.35	5051.00	7849.58	5
1852.00	35116.95	4258.00	6.47	4685.00	6881.20	5
1407.00	38006.40	3728.00	4.56	3323.00	6278.76	5
837.00	43355.92	2071.00	5.51	2554.00	5401.76	5
952.00	40920.15	2466.00	5.05	2169.00	5016.08	5
2365.00	36575.35	5625.00	6.45	1798.00	4681.70	5
1411.00	24261.86	4666.00	7.07	3398.00	4476.70	5
1358.00	28660.38	3736.00	6.29	3592.00	2922.32	5
187.00	30923.36	639.00	8.22	253.00	1746.56	5
623.00	12503.32	2008.00	12.26	780.00	1805.89	5
1.00	30871.67	35.00	0.00	2.00	1072.15	5
0.00	11630.78	23.00	0.00	66.00	1343.28	5
3087.00	36387.67	6713.00	11.71	1953.00	1537.77	5
1016.00	19637.45	2433.00	11.23	1429.00	1717.69	5
1776.00	31020.84	5342.00	7.34	3954.00	2328.83	5
2063.00	34338.23	4957.00	6.36	5048.00	3311.87	5
2821.00	33530.52	6008.00	7.29	6881.00	4724.10	5
2412.00	53783.70	5687.00	4.60	6680.00	5258.66	5
2899.00	44777.33	7341.00	6.75	2365.00	6295.88	5
726.00	42691.10	1280.00	31.32	1614.00	5467.63	5
975.00	38980.95	2939.00	6.84	2065.00	5303.41	5
1358.00	38586.55	3084.00	6.14	3822.00	4455.26	5
2485.00	30241.06	6601.00	7.28	1708.00	3597.10	5
1846.00	40189.89	4420.00	7.29	3913.00	4950.67	5
416.00	21169.20	911.00	31.67	539.00	4770.91	5
735.00	26446.04	2193.00	6.43	1413.00	3236.48	5
2680.00	41804.17	7356.00	7.40	2002.00	3061.22	5
1526.00	33964.61	4014.00	6.79	3529.00	4423.30	5
2056.00	57510.28	4554.00	6.66	5113.00	4927.28	5
2972.00	52408.30	6196.00	8.21	2135.00	2985.42	5
213.00	27017.37	395.00	459.09	264.00	707.59	5
371.00	31827.09	825.00	10.10	867.00	799.16	5
700.00	30594.18	1557.00	7.95	1161.00	1668.31	5
424.00	32666.95	1064.00	6.86	652.00	1969.46	5
477.00	46969.71	1310.00	5.05	1312.00	2457.41	5
921.00	37436.76	2388.00	5.51	2430.00	3084.87	5
1055.00	40426.52	2595.00	6.00	2315.00	4017.64	5
365.00	39260.85	905.00	5.75	874.00	4137.36	5
566.00	39917.82	885.00	12.76	670.00	5715.10	5
1985.00	55261.04	4532.00	4.85	6005.00	5508.19	5
1975.00	49367.79	4218.00	6.84	1387.00	4854.88	5
925.00	62214.51	2334.00	6.17	2725.00	6053.02	5
966.00	62921.95	2264.00	6.16	2670.00	6338.10	5
1336.00	61132.73	3052.00	4.30	4368.00	7032.02	5
1796.00	26088.37	3124.00	15.67	3595.00	7389.08	5
1928.00	50800.09	4619.00	4.75	5339.00	7868.59	5
628.00	40023.74	1028.00	8.03	405.00	8417.04	5
746.00	62540.08	1747.00	4.72	3056.00	8036.94	5
1109.00	62908.98	3297.00	6.41	3527.00	7278.02	5
1430.00	62252.87	3571.00	6.34	4044.00	7027.84	5
633.00	69478.73	1743.00	4.97	1576.00	7200.45	5
1443.00	50235.85	3329.00	7.10	3785.00	6899.70	5
576.00	59927.14	2436.00	6.37	1377.00	5902.53	5
1338.00	40771.47	3191.00	8.01	3657.00	5864.53	5
1947.00	45468.78	6094.00	6.84	6146.00	6911.52	5
397.00	61085.42	953.00	3.21	679.00	6201.21	5
788.00	32127.78	1779.00	20.85	1822.00	6601.91	5
2032.00	32051.07	4478.00	7.25	4612.00	6537.54	5
31.00	35646.24	55.00	0.00	33.00	6114.32	5
37.00	30753.90	86.00	4.44	22.00	5257.49	5
640.00	26454.07	1260.00	12.04	1253.00	6187.77	5
585.00	38165.01	1399.00	9.63	1429.00	7125.05	5
708.00	44357.49	1750.00	4.73	1539.00	5581.14	5
0.00	39871.57	0.00	0.00	2.00	5010.28	5
1404.00	42384.89	3609.00	6.38	3762.00	5952.67	5
584.00	32258.08	1906.00	13.47	962.00	7249.60	5
1010.00	68899.66	2645.00	3.31	2581.00	8470.06	5
5.00	68979.47	295.00	0.00	2.00	8265.68	5
438.00	68935.53	1175.00	2.87	766.00	8093.37	5
204.00	42438.41	520.00	2.49	308.00	8253.90	5
586.00	41603.33	1506.00	2.81	853.00	8645.26	5
1154.00	41600.11	2672.00	4.67	1931.00	8932.90	5
551.00	50309.46	1434.00	3.21	1473.00	9628.98	5
781.00	51199.11	2068.00	4.54	1416.00	8892.26	5
632.00	52600.65	1812.00	2.93	1279.00	9320.43	5
391.00	50744.78	1020.00	3.12	799.00	10468.50	5
895.00	50452.69	2402.00	2.95	1518.00	8423.54	5
1061.00	47485.24	3344.00	2.62	1858.00	12376.41	5
796.00	49880.90	2111.00	3.35	1306.00	11607.14	5
0.00	49270.01	0.00	6.05	20.00	11523.06	5
118.00	65153.91	246.00	1.68	55.00	10987.19	5
358.00	56984.87	923.00	2.55	629.00	10256.10	5
248.00	49275.25	720.00	2.09	889.00	9748.64	5
177.00	67041.07	530.00	2.05	348.00	9056.23	5
405.00	50663.83	1074.00	2.59	641.00	7517.91	5
976.00	50405.41	2543.00	2.92	1634.00	7069.67	5
341.00	49446.06	1000.00	1.46	637.00	7239.02	5
453.00	49261.93	1349.00	2.47	868.00	5924.63	5
385.00	43222.52	1112.00	2.86	654.00	5701.03	5
140.00	41871.24	362.00	3.04	218.00	6658.14	5
817.00	50342.17	2082.00	3.58	1357.00	6826.46	5
368.00	62620.35	995.00	1.91	774.00	8378.46	5
1717.00	60648.53	4437.00	3.08	3294.00	9761.22	5
751.00	48338.08	2035.00	3.84	1302.00	11400.95	5
201.00	47944.65	352.00	4.79	109.00	11028.65	5
611.00	47130.49	1682.00	3.92	999.00	11178.00	5
761.00	54688.87	2437.00	3.34	1503.00	10431.94	5
1522.00	41065.30	3358.00	4.31	2244.00	6399.52	5
881.00	54405.87	2423.00	2.87	1729.00	7956.85	5
1759.00	55577.23	4386.00	3.41	3138.00	9414.16	5
877.00	57340.99	2306.00	2.78	1475.00	10047.32	5
475.00	45492.72	1089.00	2.95	942.00	10274.07	5
774.00	57318.54	2031.00	3.36	1455.00	8473.41	5
1164.00	55323.21	2777.00	2.42	1837.00	7016.73	5
1137.00	51768.64	2870.00	3.50	1673.00	7630.42	5
181.00	51145.52	417.00	11.68	288.00	8733.57	5
322.00	52811.84	547.00	10.84	490.00	8259.68	5
0.00	51695.00	0.00	0.00	0.00	8429.41	5
48.00	45060.80	67.00	9.80	57.00	9066.62	5
346.00	44891.88	829.00	3.05	515.00	9003.49	5
397.00	44989.12	767.00	3.97	544.00	9355.54	5
1066.00	45153.56	2282.00	5.00	1311.00	9931.82	5
285.00	51892.92	1421.00	2.12	779.00	9337.36	5
175.00	51694.71	508.00	2.31	266.00	8691.03	5
180.00	51837.21	685.00	1.83	382.00	8539.02	5
0.00	51695.00	0.00	0.00	0.00	7857.58	5
375.00	51423.22	863.00	3.85	559.00	7652.73	5
16.00	51695.00	39.00	0.97	2.00	6735.13	5
102.00	50849.64	166.00	7.82	151.00	7720.37	5
946.00	45418.47	2336.00	2.88	1478.00	6104.20	5
757.00	55617.49	1840.00	3.22	1031.00	7216.10	5
546.00	56373.32	1303.00	3.43	845.00	7929.22	5
783.00	55867.38	2014.00	3.15	1182.00	7911.03	5
1374.00	37755.94	2595.00	6.85	1827.00	7933.24	5
200.00	58894.22	617.00	1.72	314.00	8039.74	5
1032.00	38071.75	2152.00	6.05	1526.00	9718.94	5
631.00	50850.39	1854.00	2.08	1399.00	11801.82	5
370.00	54405.74	1066.00	2.07	945.00	12364.98	5
351.00	54951.63	900.00	4.02	598.00	12988.82	5
575.00	54979.00	1581.00	3.72	694.00	13437.46	5
529.00	54978.95	1417.00	4.44	1050.00	13868.24	5
769.00	53363.26	2331.00	2.87	1267.00	15205.04	5
806.00	52828.93	2441.00	3.10	1229.00	14760.60	5
831.00	52824.30	2335.00	2.89	1423.00	14352.16	5
901.00	52684.89	2190.00	3.21	1790.00	13784.84	5
689.00	57089.88	1953.00	1.88	1269.00	15840.37	5
665.00	49346.26	1556.00	3.12	1073.00	17534.96	5
426.00	66370.04	1275.00	1.61	1493.00	20159.22	5
390.00	51525.61	909.00	3.30	603.00	17687.06	5
2044.00	54592.35	5908.00	3.33	3785.00	16535.14	5
1181.00	53726.04	2936.00	2.73	2819.00	14265.24	5
409.00	71356.00	1120.00	1.97	760.00	19772.08	5
769.00	71459.47	2341.00	2.04	1672.00	19463.46	5
582.00	71534.28	1966.00	1.86	1189.00	17679.29	5
106.00	51848.00	347.00	1.57	206.00	11709.70	5
1096.00	51848.89	3137.00	2.08	2930.00	12330.48	5
1716.00	69545.23	4979.00	2.67	4431.00	14277.07	5
1090.00	142494.50	3402.00	0.59	2812.00	17287.24	5
348.00	69399.88	918.00	2.60	607.00	11449.13	5
0.00	69134.32	0.00	0.00	1.00	12410.74	5
247.00	60869.66	879.00	1.58	559.00	13553.07	5
17.00	60702.42	77.00	1.41	0.00	14958.10	5
368.00	60610.62	829.00	4.64	720.00	12617.77	5
566.00	60720.00	1563.00	2.68	1268.00	13170.33	5
213.00	69029.10	608.00	1.87	502.00	11532.92	5
192.00	34990.63	1173.00	6.21	318.00	12007.37	5
1335.00	66596.28	4047.00	2.19	3094.00	10386.24	5
908.00	60146.31	2729.00	2.09	1768.00	11096.91	5
1152.00	60134.57	2309.00	4.97	1930.00	11705.00	5
50.00	60328.52	139.00	1.81	90.00	12684.06	5
533.00	63254.12	1474.00	2.24	1061.00	12948.50	5
132.00	67434.83	287.00	2.75	465.00	13405.35	5
1362.00	67758.65	3401.00	3.14	2939.00	14526.84	5
489.00	67803.06	1444.00	2.43	950.00	14331.28	5
1533.00	82287.20	4610.00	2.04	3069.00	16277.92	5
1155.00	58658.36	3171.00	3.07	2355.00	16836.67	5
903.00	80472.43	2704.00	2.87	2670.00	18180.45	5
779.00	102845.39	2329.00	2.46	1947.00	19312.28	5
149.00	54030.11	396.00	0.00	0.00	16544.52	5
1577.00	58300.78	4587.00	2.12	3259.00	15677.15	5
899.00	56120.52	2015.00	3.16	1685.00	14440.55	5
553.00	54625.93	1670.00	2.12	856.00	13515.10	5
497.00	44214.09	1352.00	3.94	908.00	13729.44	5
1068.00	44707.28	2624.00	4.83	1788.00	14692.94	5
426.00	63067.58	1270.00	2.24	740.00	12862.42	5
345.00	66085.25	910.00	4.37	659.00	12242.58	5
595.00	66347.94	1880.00	2.85	1552.00	10920.00	5
1356.00	63097.15	3700.00	2.98	2515.00	11351.77	5
193.00	63009.03	585.00	2.67	405.00	12395.23	5
626.00	40968.43	1739.00	5.35	976.00	10606.97	5
232.00	43577.23	541.00	13.68	379.00	9261.34	5
2073.00	53926.15	5251.00	4.76	3515.00	9784.50	5
326.00	60458.75	905.00	2.66	783.00	9003.45	5
2898.00	42114.09	6357.00	6.38	4257.00	8417.86	5
316.00	37492.93	623.00	6.11	381.00	7565.54	5
784.00	75060.07	2458.00	0.58	1490.00	43991.01	6
523.00	75058.42	1688.00	0.57	1110.00	46283.33	6
1222.00	49798.28	3463.00	1.17	826.00	50303.88	6
211.00	53211.65	691.00	0.27	447.00	56296.44	6
140.00	53214.00	456.00	0.30	325.00	63189.14	6
1092.00	53214.00	3149.00	2.25	778.00	55854.76	6
122.00	53241.95	418.00	0.54	212.00	48811.99	6
1042.00	54839.54	2909.00	3.07	1201.00	45101.64	6
201.00	54840.79	659.00	0.66	433.00	43725.04	6
161.00	54844.80	539.00	0.68	312.00	39462.16	6
625.00	80469.21	1947.00	0.75	1214.00	38164.35	6
133.00	80702.60	456.00	0.77	193.00	38356.39	6
258.00	80698.71	818.00	0.57	771.00	37120.27	6
141.00	75846.86	450.00	0.96	187.00	34579.54	6
606.00	80206.37	2036.00	1.03	1212.00	32488.29	6
923.00	70716.72	2542.00	3.18	1563.00	31955.47	6
838.00	80298.31	2619.00	1.94	2310.00	30201.10	6
828.00	87199.82	2508.00	1.67	75.00	28981.71	6
403.00	79675.54	1209.00	0.96	77.00	31409.52	6
909.00	69791.11	2604.00	2.41	1845.00	33342.36	6
50.00	54840.19	313.00	0.89	93.00	41510.32	6
43.00	54153.13	111.00	2.60	108.00	37409.11	6
250.00	54031.31	820.00	1.04	562.00	34924.12	6
281.00	65272.32	948.00	0.86	805.00	32875.92	6
136.00	76496.29	470.00	0.96	363.00	30074.60	6
328.00	52738.43	772.00	4.29	665.00	32007.85	6
503.00	63842.19	1636.00	3.20	1842.00	31240.08	6
371.00	68558.95	1176.00	2.07	3056.00	29841.69	6
715.00	50360.25	2162.00	3.04	1556.00	29741.98	6
1318.00	45240.52	3301.00	4.50	2859.00	28503.37	6
112.00	54064.28	254.00	6.48	214.00	26880.80	6
512.00	64129.29	1499.00	3.04	1949.00	28277.43	6
135.00	60466.97	265.00	5.68	1272.00	26953.32	6
107.00	74177.57	355.00	0.68	174.00	26842.84	6
80.00	60468.08	227.00	1.14	241.00	25196.31	6
9.00	60465.22	12.00	0.00	70.00	23682.47	6
1.00	56818.08	3.00	0.00	0.00	23033.94	6
94.00	71736.61	290.00	1.54	292.00	25886.60	6
696.00	56804.46	1754.00	3.19	320.00	24236.70	6
1789.00	75338.34	5762.00	2.31	2631.00	25817.18	6
152.00	74890.51	515.00	1.01	250.00	29241.68	6
523.00	87863.78	1582.00	1.63	4602.00	28445.82	6
344.00	84161.58	1110.00	0.51	726.00	26282.32	7
165.00	75424.49	567.00	0.81	200.00	20047.09	7
81.00	75332.46	252.00	0.59	156.00	22558.07	7
639.00	82191.88	2263.00	2.30	3488.00	19862.02	7
571.00	75301.17	1865.00	2.48	2033.00	18539.15	7
266.00	72270.86	964.00	1.91	307.00	16926.09	7
179.00	63358.43	613.00	1.47	227.00	14452.14	7
1547.00	66837.57	5561.00	2.39	1704.00	16366.15	7
1802.00	57509.72	5783.00	2.68	3827.00	17991.02	7
214.00	78275.72	719.00	0.86	491.00	22702.99	7
227.00	77470.74	591.00	0.67	211.00	18880.84	7
1985.00	54638.91	6195.00	2.69	1736.00	17494.48	7
703.00	51276.37	1893.00	2.51	1243.00	14349.69	7
416.00	50818.12	1115.00	2.57	390.00	13532.28	7
264.00	45373.00	811.00	1.51	480.00	11884.52	7
298.00	45373.00	839.00	2.07	574.00	10421.79	7
3.00	45373.00	8.00	0.00	0.00	9271.62	7
758.00	45646.93	2062.00	1.93	1420.00	11399.80	7
315.00	103938.10	1076.00	0.69	501.00	13028.61	7
119.00	104692.59	398.00	0.68	154.00	15671.04	7
23.00	104645.19	93.00	0.31	45.00	18551.34	7
61.00	104579.16	188.00	0.34	1066.00	17483.74	7
826.00	97315.25	2627.00	2.37	2108.00	14527.10	7
1658.00	74175.45	5196.00	2.98	2448.00	12107.16	7
879.00	54645.23	2122.00	4.10	2519.00	10848.38	7
190.00	54448.59	446.00	3.77	490.00	10376.09	7
225.00	51917.46	411.00	6.93	430.00	9697.64	7
1417.00	52068.53	3994.00	3.67	2564.00	9902.83	7
378.00	81656.87	1289.00	1.84	52.00	11903.40	7
198.00	81751.84	492.00	3.77	1173.00	11984.68	7
574.00	82519.93	1527.00	2.19	1313.00	14140.89	7
64.00	73404.77	216.00	0.46	865.00	16938.69	7
890.00	84196.45	2645.00	0.55	638.00	22561.29	7
541.00	71045.60	1417.00	1.61	1232.00	26221.32	7
746.00	71056.83	2291.00	1.30	1785.00	26011.32	7
683.00	93831.17	2235.00	0.61	516.00	22405.18	7
343.00	61209.97	998.00	1.12	463.00	18248.50	7
239.00	60198.56	756.00	1.09	376.00	14967.95	7
471.00	60079.77	1201.00	2.80	1208.00	16998.10	7
24.00	59871.93	69.00	2.24	74.00	14191.39	7
36.00	50181.69	104.00	1.14	739.00	12030.83	7
1283.00	69375.90	3863.00	2.85	3868.00	12213.27	7
1384.00	49572.97	3791.00	3.56	1723.00	10041.64	7
1479.00	49113.04	3700.00	3.12	4131.00	10531.47	7
477.00	54868.68	1475.00	1.80	651.00	11006.32	7
819.00	61039.15	2204.00	3.53	2355.00	11868.39	7
1203.00	47899.50	3163.00	3.29	1328.00	12856.85	7
325.00	48541.56	758.00	4.43	533.00	13404.61	7
29.00	61181.57	102.00	0.76	1061.00	13569.38	7
666.00	93321.89	2110.00	0.88	3838.00	17313.56	7
219.00	94040.87	732.00	0.69	606.00	17156.33	7
495.00	81425.85	1493.00	1.50	1488.00	22559.20	7
743.00	51485.26	3200.00	2.33	1570.00	26554.95	7
567.00	39599.13	1620.00	5.01	783.00	26146.76	7
14.00	49818.18	30.00	0.00	17.00	26419.02	7
891.00	48549.12	2129.00	3.59	1419.00	25799.62	7
1089.00	49554.62	2860.00	3.51	2011.00	25066.54	7
83.00	63526.14	236.00	0.00	0.00	23475.64	7
467.00	63621.55	1094.00	3.57	1831.00	24219.23	7
999.00	67967.16	3306.00	2.20	1254.00	22805.15	7
640.00	86577.62	2015.00	1.57	1329.00	24360.87	7
1315.00	50129.53	3441.00	3.72	2372.00	26223.14	7
33.00	46988.85	98.00	1.62	68.00	27186.88	7
292.00	95590.70	920.00	0.74	712.00	20583.13	7
356.00	95454.65	1115.00	0.71	732.00	19084.24	7
174.00	106740.06	468.00	0.66	442.00	18685.47	7
1155.00	71620.70	3270.00	2.11	2149.00	17856.97	7
729.00	67582.37	2123.00	2.25	1302.00	16224.68	7
93.00	85934.74	276.00	0.93	865.00	14633.81	7
776.00	76341.82	2338.00	1.84	1643.00	15873.98	7
238.00	102911.36	766.00	0.70	731.00	21049.29	7
414.00	95591.17	1396.00	0.68	1071.00	23412.54	7
483.00	94819.42	1528.00	0.57	657.00	28698.09	7
820.00	77845.22	2535.00	0.55	1998.00	32196.96	7
722.00	61336.53	2193.00	0.89	1603.00	28608.48	7
324.00	75323.84	1064.00	0.75	1217.00	23994.05	7
206.00	75301.63	646.00	0.84	326.00	23298.73	7
164.00	59738.83	514.00	0.69	278.00	28100.75	7
234.00	77795.31	602.00	0.80	416.00	37812.67	7
1060.00	68036.36	3197.00	0.65	2607.00	40440.02	7
1129.00	69957.88	3476.00	1.10	3355.00	39239.79	7
562.00	71815.25	1929.00	0.73	965.00	34513.74	7
74.00	71821.00	228.00	0.39	106.00	32815.49	7
367.00	52377.25	1057.00	1.45	66.00	37501.41	7
836.00	39857.38	1961.00	5.40	1777.00	37431.66	7
255.00	38879.00	732.00	2.80	452.00	38696.83	7
1201.00	47299.25	3140.00	3.02	2160.00	38115.56	7