7
1134	61804.75	3523	1.48	2543	54550.08953	1
653	54283.95	1830	1.12	1404	50790.54224	1
581	64182.76	1794	0.519	1336	50867.9482	1
161	63819.00	513	0.562	374	46544.34869	1
405	61804.75	1381	0.676	987	46707.79239	1
381	67533.16	1250	0.581	892	42822.88461	1
393	66855.79	1210	0.69	930	43373.26117	1
307	70230.59	920	0.709	703	38833.98088	1
1095	61805.35	3392	0.14	2533	45244.53274	1
713	63343.68	2155	0.928	1609	40843.7747	1
591	59252.77	1880	1.017	1342	45770.99419	1
677	58191.22	2085	0.775	1524	49355.67589	1
737	57653.47	2389	0.722	1703	44243.25461	1
889	58974.23	2432	1.126	1944	42906.64239	1
1578	61153.79	4668	0.84	3602	54099.08544	1
431	63560.48	1289	0.564	990	40761.17918	1
725	68063.45	2177	0.581	1668	37300.98218	1
172	69544.98	491	0.454	389	34165.60188	1
97	68063.45	311	0.629	229	33739.63362	1
342	70130.75	1128	0.659	815	30460.79228	1
1190	68263.57	3807	0.76	2812	32948.90084	1
407	124153.95	1058	1.027	907	28695.34136	1
433	72017.20	1383	0.844	1018	30905.62015	1
1094	63496.68	3426	0.951	2531	38708.83648	1
576	67353.19	1597	1.321	1249	36579.13829	1
786	71661.11	2549	0.649	1887	35637.15979	1
829	79035.03	2803	1.1	2025	33241.58091	1
1485	121667.83	5025	2.125	3588	30521.95024	1
668	73556.77	2129	2.179	1581	31574.21403	1
1368	118132.13	4316	1.575	3232	33347.65995	1
1770	111384.53	6016	2.862	4233	29321.23177	1
371	68697.68	1052	1.032	821	29023.1516	1
965	66834.24	2718	2.957	1839	29589.56821	1
1688	66532.12	4624	3.322	2894	31005.16525	1
802	74218.96	2706	1.354	1963	32253.73412	1
782	76793.98	2510	0.79	1891	38536.97779	1
233	74305.85	695	0.602	552	38114.28376	1
162	67687.57	552	1.267	379	33598.4425	1
519	121744.18	1567	0.791	1211	38920.61258	1
843	119930.02	2736	0.827	2002	37597.27632	1
674	66078.61	2150	0.672	1619	43241.31105	1
552	69841.65	1790	0.788	1361	38920.69152	1
702	69841.65	2235	0.74	1653	37240.22514	1
292	64811.92	842	1.046	598	35758.6023	1
451	68718.70	1257	1.271	1008	34653.55113	1
1116	65084.45	3412	1.987	2557	33654.45085	1
213	69164.06	699	1.72	509	33843.82669	1
544	68501.70	1822	1.578	1302	33786.50141	1
911	53294.01	2713	2.919	1714	30854.61848	1
1693	48805.57	3741	4.656	2727	29974.8476	1
242	40659.26	507	6.021	359	29044.56921	1
307	58321.09	840	7.996	553	31472.98396	1
403	45799.80	1280	4.95	657	29602.93689	1
65	54612.96	165	2.844	114	29369.29686	1
1621	52690.45	4077	4.761	2731	27792.7374	1
1255	47933.90	2509	4.481	1790	28547.97633	1
465	56482.94	1235	3.192	857	26748.2924	1
1574	68989.39	4452	2.971	2856	26615.7676	1
0	61831.00	0	0	0	28034.30867	1
491	56083.75	1572	2.362	897	27360.39302	1
757	77059.20	2041	3.183	1426	27534.15018	1
284	50690.07	859	2.707	542	25804.0396	1
1811	51791.01	5014	3.281	3233	23995.59436	1
1687	51273.10	4697	2.724	3121	25007.64525	1
2542	49738.46	6259	4.871	4332	22255.01281	1
1325	66842.28	3642	2.911	2466	22322.35351	1
1066	53111.75	3009	2.815	1899	20961.34654	1
1517	49801.55	4022	3.537	2582	20391.50378	1
928	49427.60	2260	3.002	1528	22034.04664	1
64	52528.56	133	7.616	101	19589.84655	1
358	52248.10	994	1.506	641	17716.75571	1
590	52510.50	1257	3.73	939	18595.52116	1
3439	58031.29	9790	2.975	6593	24508.37585	1
409	99533.83	973	2.884	889	25674.19284	1
1218	69451.75	3651	2.335	2502	26255.8209	1
1130	70233.05	3577	1.742	2601	27954.6328	1
125	68074.17	391	0.492	269	27299.88881	1
282	69155.52	935	0.919	677	25043.51982	1
998	69155.52	2853	2.096	2082	23343.61025	1
1681	64285.31	4678	3.333	3176	25271.99462	1
1780	61891.50	5051	2.823	3263	23421.99215	1
2369	45564.03	6376	3.502	4270	21989.08422	1
1906	56001.04	4752	4.236	3172	20040.21496	1
52	66065.61	143	1.446	114	23449.9246	1
10	66752.74	30	0.311	23	25401.41316	1
566	66075.66	1726	1.801	1263	22223.11822	1
254	56292.99	736	1.905	475	18782.73083	1
1336	55845.60	3519	2.857	2278	18545.39778	1
55	52730.69	66	17.679	50	17825.47521	1
1457	74800.24	4303	2.724	2797	24466.23429	1
568	64932.54	1740	2.563	1048	22956.71305	1
1186	64932.54	3138	4.33	2026	21032.38674	1
693	57963.67	1897	2.82	1199	20972.27279	1
1010	75457.36	2792	2.763	2055	22688.05216	1
962	131560.33	3116	1.445	2355	26007.35704	1
789	78597.76	2428	1.861	1591	26028.94744	1
299	71989.31	932	0.956	636	30554.2938	1
1174	72181.87	3497	1.625	2466	28685.8118	1
321	82576.00	1064	0.977	793	24671.92412	1
520	46938.39	1340	3.737	871	15889.12424	1
203	56292.99	346	4.455	275	17271.69119	1
1953	85146.29	4981	3.431	3252	16419.43748	1
341	53206.33	851	12.209	547	15734.90393	1
1417	49311.20	3459	3.068	2295	15350.51014	1
65	52332.82	167	2.581	103	13784.68919	1
996	50563.51	2739	4.599	1695	14766.18556	1
528	48316.92	1392	3.374	886	14893.53146	1
320	52128.00	930	6.928	522	13956.21912	1
0	52307.69	0	0	0	14711.17913	1
398	52128.00	1038	3.167	688	13197.25583	1
701	52307.69	1804	2.919	1187	13235.22077	1
1106	49082.61	2320	6.089	1508	12004.92784	1
0	36458.10	0	0	0	9589.137763	1
0	36458.10	0	0	0	8445.99414	1
803	49082.61	1942	4.309	1109	11859.39324	1
1310	79704.99	2998	3.727	1947	12205.81714	1
1837	51316.63	4223	3.641	3044	12028.41599	1
739	36934.45	1605	4.981	1060	9657.530017	1
1164	42762.54	2679	4.951	1566	10586.71665	1
973	44025.72	2548	3.035	1684	10176.28352	1
782	36973.98	1783	5.092	1106	7902.342984	1
1412	39988.89	3103	6.006	1919	9246.281389	1
1438	65060.79	3387	5.614	2027	8035.125459	1
3431	40758.80	7767	5.403	5006	8723.36008	1
371	51928.96	1102	0.377	830	59870.1881	2
1559	50847.04	4468	1.036	3397	51862.27305	2
655	51925.84	1847	0.688	1438	61294.8285	2
2997	56543.29	8099	1.651	6644	52394.17843	2
1644	49103.08	4484	1.566	3467	65663.22084	2
692	58922.94	1951	0.832	1521	59145.65916	2
141	65456.55	430	0.469	326	47831.63578	2
338	65425.57	1023	0.554	779	49705.27303	2
121	62653.94	367	0.523	273	58343.63574	2
174	85987.84	526	0.573	422	45161.49033	2
1367	82928.98	4025	1.326	3279	36435.65281	2
743	75998.40	2201	1.4	1781	31248.89971	2
386	124064.77	1340	1.136	986	30121.84052	2
795	90361.83	2321	1.679	1878	29563.75119	2
2170	77600.45	5777	2.416	4397	30498.13709	2
484	77509.00	1629	1.656	1078	25176.56706	2
1113	83557.07	2999	2.863	2302	29678.38035	2
653	83667.07	2367	1.547	1640	32152.77298	2
179	83964.30	413	2.778	395	32013.88278	2
240	116012.39	825	0.837	613	31717.64851	2
88	114917.78	252	0.35	213	34084.50066	2
63	115092.76	197	5.401	157	34389.68783	2
411	75033.21	1158	1.564	951	36846.29442	2
251	69051.87	768	0.928	586	38033.92764	2
270	60781.83	797	6.058	595	41473.38565	2
2048	65435.46	5599	3.771	4115	36397.48776	2
2010	67423.10	5807	2.853	4207	37207.54113	2
259	55156.37	860	1.026	601	39505.03941	2
699	50053.25	2125	5.067	1364	37977.74025	2
271	49188.73	650	3.592	479	40350.88034	2
60	48560.60	156	0.772	124	41595.30938	2
458	65408.03	1266	1.677	1021	43573.47898	2
443	64592.61	1241	0.608	995	60436.42845	3
496	62492.31	1490	0.468	1144	48797.54883	3
514	61139.72	1495	0.493	1137	49314.15432	3
285	64595.10	802	0.401	641	54002.89725	3
607	57074.02	1717	0.713	1353	45510.57993	3
209	57091.47	673	0.567	486	44463.60736	3
287	57092.63	895	0.439	661	50760.56462	3
734	71525.59	2355	0.681	1747	45579.41171	3
187	63391.73	612	0.453	426	43208.98369	3
216	71663.76	646	0.454	501	42224.2054	3
556	64455.44	1685	0.633	1283	35672.99761	3
93	61262.14	283	0.319	208	45174.25723	3
393	64406.17	1266	0.961	922	41413.63042	3
1833	54068.68	4713	3.989	3732	46315.60538	3
186	66003.94	603	0.749	451	46520.71938	3
910	66913.05	2989	2.692	2138	44969.4378	3
1715	64736.00	5410	2.258	3941	41848.44579	3
1858	65379.81	5828	2.606	4142	40615.9172	3
1732	79301.92	5873	2.392	4121	35949.90516	3
163	59217.94	435	1.06	357	39510.13356	3
1180	49314.07	2919	3.524	2338	40537.44897	3
198	49211.09	568	2.265	422	42393.48675	3
866	85547.07	3067	1.595	2140	39965.42439	3
109	85907.00	334	0.632	261	40701.43498	3
755	84362.93	2421	1.877	1825	36565.83743	3
849	81203.01	2587	1.517	2006	34235.5807	3
868	87865.32	2441	1.679	2068	32829.52272	3
184	87395.99	563	1.533	447	32469.33346	3
1822	84317.11	6013	2.225	4303	34134.66776	3
1354	87589.21	4222	2.262	2942	31006.0389	3
1290	54106.23	3024	4.489	2542	31967.68669	3
1535	60893.83	4208	2.177	3360	40182.47631	3
2	60887.00	4	1.365	3	28390.30043	3
2320	66615.04	6743	2.789	4441	27606.47974	3
1233	52525.27	3645	2.903	2284	25809.68195	3
0	53922.62	0	0	0	27874.82335	3
707	54017.03	1423	11.341	980	27934.88878	3
185	54038.91	588	2.084	344	30561.42123	3
917	59841.93	2071	5.804	1538	28768.51451	3
1837	56571.01	4473	3.775	3144	28350.93941	3
195	42264.87	497	9.446	305	28275.61317	3
322	42106.21	671	18.506	457	27206.24262	3
1331	42365.07	2881	4.242	1944	26264.74365	3
2922	60448.60	7468	3.226	5314	26852.94395	3
1877	68812.66	5019	2.891	3528	25561.57991	3
1792	47241.36	3567	6.811	2635	26100.62973	3
762	51845.55	1960	4.616	1244	25365.22044	3
319	52078.06	719	4.521	524	26315.91973	3
0	51339.88	0	0	0	24896.68322	3
0	55276.07	0	0	0	24489.73491	3
403	55229.80	708	11.969	584	24202.25222	3
787	55403.81	1767	4.217	1259	21887.63452	3
1598	54997.59	4563	3.287	2959	21481.65479	3
1672	58558.13	3990	4.266	2993	38840.69067	3
2300	69221.34	5946	3.781	4410	26031.65268	3
1067	80193.18	3053	3.327	2082	27097.11981	3
2210	62215.98	6244	3.126	4027	35451.93373	3
1985	62363.62	5326	3.332	3636	28354.92695	3
946	87013.41	2802	2.108	1992	26107.6458	3
1068	89184.70	2893	1.678	2152	24649.24889	3
1150	46725.95	2841	4.132	1865	23943.52002	3
196	90957.53	598	1.748	422	25028.70804	3
1754	81303.49	5546	2.222	3571	25453.28964	3
1996	84177.74	6288	1.862	4276	23487.4559	3
1439	70738.93	4592	2.924	3259	27458.54217	3
2549	77275.56	8074	1.921	5372	23954.87303	3
663	72312.48	1682	1.373	1370	24243.26547	3
16	81157.54	40	1.108	36	34446.12219	3
25	81380.78	64	0.858	57	22336.21885	3
17	81373.20	53	0.205	41	24340.11432	3
97	77346.02	277	0.725	228	29421.76936	3
154	63001.41	436	0.585	333	32127.95362	3
126	65500.59	429	0.426	299	30822.91969	3
3280	65874.56	9098	3.406	6904	36164.59159	3
1588	47697.58	4252	3.812	3212	35182.01714	3
500	45555.40	1146	3.428	972	35500.92626	3
1272	45692.41	3705	4.01	2687	36107.92927	3
1122	71549.01	2816	3.874	2051	22084.52788	3
180	78636.99	533	2.37	333	22066.77719	3
1541	80751.63	4651	2.224	3132	22465.26531	3
3199	87275.29	10460	1.986	7754	21129.27635	3
1916	93067.39	6481	2.27	4212	19266.6279	3
596	96078.18	1746	2.151	1272	17578.53353	3
555	96687.18	1675	2.101	1174	17520.46917	3
1613	61435.85	3910	2.962	2895	21168.14384	3
1581	60749.55	4051	3.981	2685	21272.77092	3
3489	50529.06	7479	4.95	5275	18557.64998	3
165	47852.97	269	6.615	235	17767.80799	3
1486	74689.29	4016	2.813	2864	18143.2189	3
1358	53541.87	3082	5.03	2075	15917.26723	3
1789	68891.21	4767	3.305	3554	15068.79037	3
336	68506.46	1076	2.145	703	14422.45532	3
20	68087.51	47	0.816	37	13317.93801	3
2	68229.00	5	0.354	4	15403.80982	3
205	66624.11	452	9.565	331	14103.02461	3
714	51405.60	1350	6.819	1097	14304.97942	3
1470	47897.43	3423	5.388	2408	15255.23147	3
2	47792.73	13	0.935	5	14750.8274	3
215	51169.73	643	1.224	413	13731.64634	3
82	51381.10	235	1.108	156	12939.51264	3
120	66902.94	328	2.932	221	13377.83906	3
11	68316.01	36	1.108	22	12484.92439	3
5	68199.47	12	0.362	9	11694.90325	3
173	47488.77	504	0.697	347	8951.688286	3
691	51357.38	1469	6.116	1046	8019.692329	3
176	61571.60	518	2.761	351	9533.088524	3
148	61666.75	248	5.323	266	10230.99535	3
1189	51184.97	2579	12.136	1967	9439.799035	3
50	47482.56	140	0.657	111	10613.04896	3
472	53161.39	1475	1.175	963	10883.09898	3
474	61610.59	1243	2.529	904	12511.53243	3
813	47867.33	1903	5.176	1306	12640.06413	3
469	47846.78	1375	2.727	852	12158.16764	3
313	49541.22	786	2.886	569	12618.15743	3
503	70946.03	1388	1.294	1132	16004.38972	3
1842	50573.01	5183	3.469	3325	15065.70001	3
932	75284.28	2468	2.721	1818	13004.92587	3
868	69000.23	2330	2.084	1661	16021.82775	3
479	75326.82	1055	25.449	884	14303.73113	3
292	56032.61	903	1.63	676	13061.87476	3
35	47479.93	134	0.79	85	12419.79551	3
622	81174.43	1664	2.227	1274	14985.05618	3
245	81336.51	751	0.756	585	14792.47162	3
440	81432.98	1544	0.908	1089	19942.12186	3
191	81168.18	572	0.637	453	17815.83686	3
13	71000.73	23	1.457	25	19546.43178	3
1408	47140.47	3685	4.882	2348	12062.92272	3
60	46626.50	126	6.556	96	10396.65572	3
0	37550.73	0	0	0	8377.831686	3
1554	41796.08	3588	6.997	2246	9128.897206	3
1124	45389.19	2914	4.332	1801	9382.958325	3
2774	45995.76	6788	4.515	4494	7588.766126	3
2	46925.00	3	1.564	2	5335.172543	3
1201	50021.30	3063	4.208	2045	5373.806882	3
1036	46965.70	2475	4.818	1599	4009.424151	3
741	32163.21	1831	4.075	1070	5135.266993	3
1437	32512.11	3031	8.228	1839	7213.045331	3
1007	47274.45	2217	2.762	1600	7531.976655	3
2805	48579.50	5878	4.822	4272	5621.609334	3
1619	46183.43	3973	4.506	2472	4365.778141	3
1258	82349.51	2951	2.194	2489	8522.753668	3
6	82834.45	7	0.716	11	5653.518104	3
252	82689.29	770	1.051	542	7493.476928	3
383	82608.00	1155	1.688	814	7728.809053	3
1166	74448.77	3246	2.373	2372	10392.46247	3
186	71427.67	620	1.242	406	10142.49338	3
372	71620.26	840	3.133	711	10229.59841	3
8	71417.94	16	2.491	14	12020.22628	3
0	71313.69	0	0	0	11589.24056	3
965	82704.46	2578	1.729	1935	5501.184239	3
0	316.33	0	0	0	10099.44128	4
0	674.61	0	0	0	11277.14007	4
0	0.58	0	0	0	13496.24765	4
0	6865.14	0	0	0	12468.9454	4
101	21352.06	562	6.936	203	10676.41835	4
0	1162.30	442	0	0	11346.74133	4
146	41554.83	353	5.528	229	11398.32642	4
3093	45043.24	6677	5.993	4410	10523.91244	4
2174	47441.74	4902	6.759	3119	10287.55076	4
1295	50626.77	2951	5.26	2033	10180.88464	4
2438	58584.77	5772	4.667	3870	9724.432971	4
1827	70340.02	4258	5.414	3036	8565.421945	4
853	57496.24	1988	5.648	1360	8341.23401	4
1069	61183.45	2526	5.786	1630	7755.886058	4
1457	63101.83	3525	5.067	2322	8204.623441	4
1014	87460.15	2734	4.415	1825	8626.933461	4
1387	66545.34	3032	6.733	2133	9129.38784	4
1184	47901.02	2690	11.065	1578	10626.8914	4
3071	72397.55	6931	4.848	5114	10664.21705	4
1568	66722.39	3327	5.426	2469	11316.68736	4
927	64613.65	1970	5.092	1429	11046.57586	4
1238	62281.32	2523	6.63	1870	9181.064762	4
862	81403.15	1930	5.437	1443	10066.55804	4
1228	74695.02	2692	5.88	2004	9228.718018	4
2441	60624.21	4976	5.901	3779	8057.085324	4
1334	61405.24	1865	21.369	1700	7069.184592	4
1300	56839.74	2545	10.993	1975	5973.780185	4
2734	39472.86	4720	16.931	2684	5315.911532	4
2470	56438.18	5186	9.423	3700	8265.892569	4
2695	48848.14	6056	8.975	3543	5633.367635	4
2870	28422.18	6561	16.475	2945	4415.611947	4
1400	32040.73	4980	7.769	1956	4587.288296	4
1901	37523.22	5959	7.087	2516	5774.737219	4
1268	54850.51	2889	6.786	1796	7068.502558	4
914	48409.90	2489	6.067	1413	6878.736494	4
1051	47984.37	2347	6.11	1529	7563.150108	4
2833	43541.72	6958	7.679	3817	6348.050945	4
1996	29527.65	5605	11.029	2410	5270.517306	4
1212	34513.71	3385	7.426	1644	5194.027948	4
990	36607.57	2672	6.255	1329	6420.452324	4
1952	48112.17	4390	6.402	2912	7611.056186	4
943	50010.30	2076	5.86	1365	8118.830559	4
408	43063.77	1035	6.199	624	6847.65267	4
1524	45376.06	3048	7.084	2169	8695.69633	4
1793	43456.07	3967	6.149	2393	8117.029214	4
1673	59658.88	3610	5.766	2576	7844.881622	4
3037	36205.03	6759	7.092	3925	6349.833525	4
1676	40810.31	3604	37.342	2301	5632.637533	4
438	44889.39	1064	7.32	696	5292.70638	4
1043	44782.22	2386	6.986	1495	5273.783673	4
153	47452.58	798	11.029	287	4595.653726	4
52	30344.13	277	9.205	75	3925.631693	4
68	25087.22	690	16.671	95	3805.789838	4
812	25010.69	5230	19.338	1082	3986.628336	4
547	18952.18	881	48.433	467	2332.22852	4
177	17019.01	1291	12.391	197	7465.63996	4
301	14702.72	1503	15.309	281	2849.744871	4
1814	31582.41	3552	22.543	1934	4563.922602	4
1523	32252.94	2884	16.137	1537	3769.771422	4
1824	14681.50	3889	73.059	1100	2273.5749	4
2581	21358.01	8294	12.253	2587	3406.45519	4
611	26938.60	2332	8.55	795	4256.298766	4
606	26466.43	2170	8.581	767	4180.132177	4
1374	19226.14	4009	19.697	1199	2780.062855	4
4004	26145.96	7230	36.626	2762	2448.377116	4
1161	22739.91	3000	16.999	1189	3728.985635	4
2542	28001.33	6339	19.245	2413	3585.997071	4
3108	28503.67	5626	22.133	2304	3045.03234	4
3560	32194.90	5912	21.934	3138	3941.25972	4
3870	48728.13	6666	11.373	4733	3770.261585	4
1558	81154.51	2917	7.324	2443	4875.717915	4
831	77528.29	2065	3.954	1361	6988.849089	4
876	59772.19	2214	5.501	1486	4027.328643	4
743	42813.27	2121	7.269	1240	2543.552691	4
406	46571.49	641	55.073	568	2220.491781	4
579	20019.32	1870	9.043	648	2516.00783	4
1082	19893.99	3830	8.87	1354	2659.497138	4
1474	36746.84	4757	5.495	2105	4217.843048	4
803	32914.67	2531	5.814	1179	6278.361254	4
929	25760.56	3245	6.501	1388	4162.779066	4
742	24381.18	1837	7.608	844	2620.388418	4
13	22452.24	21	232.143	13	1265.354861	4
8	23952.10	91	0	12	1146.194778	4
446	54761.15	644	16.316	584	1159.277531	4
105	55103.13	155	85.784	116	672.7623669	4
963	35754.00	1291	262.255	701	743.387952	4
314	36039.16	339	139.061	224	421.322428	4
0	22390.28	500	0	0	1610.866562	4
69	24034.29	105	29.028	57	1416.245481	4
697	31805.39	956	96.535	590	1756.77973	4
1475	31341.08	2017	67.608	1317	1505.108312	4
1928	27035.60	2499	74.44	1194	2287.276657	4
1538	30734.68	2029	74.559	1083	1545.89088	4
70	38116.60	74	0	0	1076.968069	4
242	38100.09	734	73.84	58	956.5164937	4
313	38115.03	400	231.852	25	923.7530865	4
0	32293.04	0	0	0	1684.238582	4
1088	18566.86	2270	40.237	565	2012.475956	4
886	26750.12	1978	94.165	567	1444.099621	4
0	26444.45	118	0	0	1067.552735	4
1	35760.50	1	0	0	465.0519677	4
279	35754.00	393	130.802	210	180.3884007	4
1	39703.09	588	0	0	698.5990652	4
934	17981.27	2387	34.309	646	2096.039205	4
8	39425.50	20	3.579	7	1807.703096	4
396	42835.20	592	120.842	423	1263.824287	4
330	24621.20	629	28.249	349	1977.72401	4
2447	25371.55	4747	18.591	2154	2491.488724	4
1423	19487.16	3481	16.689	1210	3542.518527	4
0	34324.72	0	0	0	5426.661919	4
46	33853.00	122	29.337	66	5266.919095	4
1527	33853.03	3737	8.521	1905	3850.690782	4
771	33852.08	1836	8.038	917	4360.525878	4
6	33853.00	11	0	8	5204.005066	4
0	33891.60	0	0	0	5592.285151	4
0	33857.94	0	0	0	4141.182443	4
496	33324.32	1323	7.996	608	2602.648991	4
1694	34340.71	3252	10.472	1843	2608.53069	4
82	44224.32	144	10.808	112	928.5123567	4
781	39270.16	1372	10.292	924	1621.054053	4
303	33125.00	825	14.173	335	2428.870204	4
0	17782.66	0	0	0	2091.537717	4
549	31415.18	1876	5.998	777	5561.376855	4
2152	44764.83	5733	5.884	3300	7465.469539	4
270	40170.57	796	4.921	415	7530.776593	4
1613	38864.86	5047	6.295	2403	5719.594556	4
1673	31165.10	6324	6.319	2420	4796.833699	4
2070	23492.68	7272	8.117	2484	3822.757949	4
1501	35278.93	4942	6.002	2199	5107.973829	4
780	39959.81	2416	6.294	1151	6014.206827	4
590	31798.61	1344	6.29	774	5461.28903	4
243	32027.50	554	5.724	341	6105.949032	4
10	18973.45	10	107.527	9	3399.482768	4
1284	34607.83	2844	7.931	1601	3609.654495	4
2692	32221.29	6266	8.904	3309	3936.344052	4
1121	38844.09	2728	6.101	1519	6538.099107	4
4648	45465.06	10461	5.269	6601	6527.330405	4
2912	38388.53	6237	8.891	3397	4573.095245	4
806	43969.79	1361	6.48	998	7396.357402	4
930	54865.55	2331	3.164	1521	7908.155694	4
868	55633.70	2402	3.387	1515	7973.153084	4
0	41685.95	0	0	0	7073.217603	4
1	37143.84	1	0	1	5706.451228	4
1100	39119.42	3170	4.474	1673	9082.914862	4
2150	35778.57	5146	6.285	2925	8103.06828	4
1646	36595.62	4448	5.084	2263	8007.211283	4
677	54988.54	1714	4.34	1127	11669.62055	4
1774	50169.52	4346	3.95	2785	12928.74801	4
1999	40291.67	4965	5.647	2702	14248.46429	4
556	40877.60	1409	3.816	757	13560.99084	4
1004	49739.82	2512	3.979	1549	12367.69128	4
422	48213.21	1016	3.324	595	10593.47101	4
579	36099.47	1153	6.52	660	11496.30106	4
579	49647.30	1378	3.734	887	12352.4768	4
853	45643.08	1726	5.819	1147	13553.15058	4
633	49830.35	1467	3.736	936	13145.55575	4
967	40684.53	1513	12.318	1084	12111.47664	4
704	51836.44	1724	4.322	1063	11713.15671	4
934	53987.86	2327	3.466	1515	12576.10815	4
842	36660.88	1728	10.452	1015	14143.23453	4
581	43667.10	1345	3.442	885	14157.41342	4
700	55817.61	1514	5.011	1034	13147.64548	4
515	51809.34	1135	5.267	697	12461.10091	4
792	37183.72	1566	11.548	929	15220.67068	4
295	40907.70	599	0	437	0	4
0	40738.45	0	0	0	0	4
686	41363.36	1372	6.807	541	15582.48502	4
910	45824.87	2651	4.586	1477	15551.60148	4
1111	49479.60	2492	4.044	1705	17788.34527	4
1117	53311.02	2318	3.354	1866	18350.25314	4
2265	49294.09	5204	3.243	3624	20856.70313	4
1150	50379.33	2892	2.794	1860	18621.0429	4
803	42952.36	1797	3.569	1195	19827.51752	4
740	44576.19	1869	2.749	1129	19961.86485	4
856	45697.87	2013	4.673	1197	20358.72339	4
270	44520.66	785	3.104	376	21264.78432	4
82	45503.14	191	3.832	120	22056.64297	4
183	46453.40	459	0	271	0	4
808	46453.00	1831	3.479	1181	19421.71146	4
645	45509.64	1389	5.104	909	20764.51666	4
979	44201.94	2010	6.107	1355	20630.09013	4
209	46607.42	470	3.363	288	17624.68204	4
1295	58479.08	2707	3.998	2117	19532.14291	4
1126	61822.53	2970	1.988	2178	21839.12521	4
2359	64632.31	6077	2.598	4427	24893.60888	4
2102	57074.34	4703	3.947	3368	22226.35345	4
1749	56602.19	3996	3.224	2869	20505.86803	4
976	56961.62	2348	3.17	1740	26752.92986	4
590	56462.81	1497	0	1025	0	4
35	56441.82	145	11.706	67	18892.05516	4
219	46992.08	522	3.748	346	17991.29628	4
615	46970.75	1549	2.575	933	18621.43129	4
204	47078.48	233	0	205	0	4
0	58576.67	0	0	0	15820.82002	4
1568	58779.19	3783	2.967	2614	19335.24265	4
639	46330.67	1264	0	877	0	4
1015	46363.95	2359	3.786	1695	25642.49826	4
312	76232.00	575	0	523	0	4
1580	94925.23	3740	2.971	2981	20657.90837	4
628	76062.38	1486	0	1219	0	4
1726	77234.55	4211	3.326	3410	23489.65926	4
682	65230.24	1519	6.095	1262	21789.21571	4
1196	63944.47	2911	0	2190	0	4
1262	66323.50	2726	4.18	2217	25501.20768	4
1372	76220.67	3398	3.268	2614	25120.36365	4
586	39397.81	737	23.576	615	16021.21303	4
2009	32594.66	2934	22.531	1411	14368.57357	4
9	47704.88	29	1.555	7	13436.60475	4
1014	48194.65	1595	17.48	1256	12869.40979	4
1005	68344.22	2341	3.509	1678	11589.05955	4
454	50764.73	695	19.395	598	16452.04671	4
1617	55526.13	3540	5.002	2619	15197.48353	4
713	48083.93	1794	2.469	1239	14003.49203	4
1165	79425.52	2800	3.353	2106	13898.03734	4
1224	97235.83	3200	3.088	2383	11486.47514	4
950	110029.56	2866	2.955	1891	11251.36487	4
1983	67861.36	4912	3.935	3467	8798.28949	4
1966	63695.95	4250	2.461	3653	12751.07284	4
623	90926.12	1663	2.519	1188	12772.65308	4
524	90795.52	1363	2.536	1026	14583.23475	4
1287	66756.94	3159	2.967	2454	13627.53756	4
1170	77390.89	2414	3.102	2097	15084.73108	4
628	112082.34	1785	1.507	1389	17070.23536	4
160	89247.10	478	2.196	337	15866.8886	4
588	90735.28	1591	2.088	1148	14662.89234	4
1158	89160.94	3144	2.41	2305	16570.8122	4
57	76288.90	92	8.218	88	18747.63561	4
0	76194.60	0	0	0	17770.71641	4
2	90938.93	6	3.953	4	18527.39731	4
1472	76453.96	3263	3.333	2692	18808.42687	4
44	110769.15	116	4.555	94	19666.45776	4
1837	100318.34	5582	2.112	4552	25710.04449	4
2167	77126.35	5837	2.928	4404	25822.37206	4
1565	61797.03	3581	4.645	2630	21889.34792	4
38	58952.40	98	1.214	71	21831.49419	4
88	77056.67	133	16.446	135	20449.7446	4
1	72875.00	1	0.302	1	19291.67036	4
4	76728.38	7	4.689	6	18067.57754	4
316	71743.25	564	14.236	514	19149.05976	4
295	72568.20	950	1.318	646	21883.01995	4
979	72719.45	2593	3.876	1992	21839.99069	4
6	90794.77	16	0.571	12	25273.57411	4
217	65905.12	459	6.637	372	20899.88208	4
54	72536.83	163	0.678	104	22754.96	4
1688	59270.44	3318	11.032	2618	24694.87318	4
29	60543.08	39	5.281	37	21966.85297	4
0	58832.03	0	0	0	21642.57562	4
1686	87954.61	3968	3.718	3197	26003.27084	4
283	103175.60	848	0.851	697	29084.28602	4
19	100783.91	60	6.719	48	30094.28667	4
935	104579.29	3416	2.233	2385	28909.26018	4
1392	102811.80	3814	2.441	3267	27638.63975	4
745	91241.19	2330	1.76	1588	25240.88997	4
337	62175.52	649	8.995	565	23801.26701	4
1639	83790.50	4355	2.787	3275	25807.60723	4
754	62172.43	1900	2.401	1442	21915.4844	4
1140	74083.01	3123	2.548	2345	21997.23614	4
2280	88600.91	7194	2.049	4973	25580.19117	4
850	44222.33	1787	2.303	1323	13644.3583	4
504	35927.65	1179	4.186	704	15864.94666	4
2265	33955.81	4364	9.556	2868	14892.30284	4
521	36047.79	1395	4.546	839	13898.69316	4
1402	38739.97	2575	13.474	1872	13049.41191	4
3	43229.29	11	1.904	5	15186.0198	4
2118	46172.19	4293	7.978	2983	15752.44024	4
786	44293.43	2010	3.151	1257	10785.58855	4
797	43605.17	1687	16.85	960	11914.70558	4
822	43864.37	1742	6.799	1192	11290.39368	4
194	44699.60	398	16.697	190	12165.05549	4
1812	48682.61	4009	5.845	2754	12602.02785	4
1163	46612.47	2498	6.465	1698	11080.61076	4
1078	55026.08	2501	4.885	1640	10074.16416	4
545	52424.43	1082	5.524	770	9411.578496	4
168	44161.96	374	3.671	237	11285.72736	4
509	43555.45	1073	4.791	711	9924.574157	4
444	47257.31	578	33.152	501	9103.636794	4
1190	46766.59	1953	13.608	1532	7625.696746	4
872	37745.23	1312	17.328	940	8041.851171	4
1508	75684.30	3572	3.641	2694	7636.068949	4
605	63308.73	1135	4.727	856	6021.51274	4
0	44080.69	0	0	0	7091.245435	4
441	42173.88	669	11.36	480	8015.581874	4
1253	41037.57	2731	5.62	1773	8879.404986	4
2021	51247.94	4517	5.509	2945	9352.346702	4
993	51473.12	2381	5.1	1528	11303.01499	4
1283	41720.29	2687	5.809	1707	10289.06672	4
1068	57912.07	2675	2.793	1870	11891.95482	4
1553	60668.86	2789	13.327	2432	17409.62515	4
631	59570.21	1205	3.284	1067	19645.03779	4
330	80418.25	1036	1.603	729	19186.44323	4
622	59973.09	1574	1.974	1161	17329.21057	4
1000	73332.88	2359	2.192	1863	19366.45256	4
714	80525.55	2088	1.334	1501	19776.57827	4
460	80562.71	1299	1.438	947	20241.23311	4
487	75926.74	1421	1.476	1014	23299.58591	4
1597	68395.54	3725	2.751	2996	23081.41291	4
860	87752.77	2322	2.086	1722	20867.53089	4
397	93746.64	1133	1.263	835	22794.20911	4
562	91421.18	1579	1.403	1125	21222.88284	4
510	96315.24	1442	1.224	1075	22981.21407	4
676	76286.36	1857	2.278	1355	20481.27692	4
652	79095.57	1716	1.461	1328	19843.06112	4
507	79241.96	1461	1.326	1047	18500.08486	4
436	59271.20	1163	1.546	816	16712.2565	4
675	76428.83	1817	1.372	1364	17531.63005	4
471	76294.70	1211	1.781	895	16128.94922	4
1127	88221.96	2879	1.674	2231	14649.65711	4
2996	51466.55	5733	4.799	4417	12621.11909	4
0	84931.66	0	0	0	15011.33533	4
132	89110.26	380	1.134	264	15137.04922	4
883	89928.74	2230	1.725	1651	16078.29747	4
728	101507.12	2355	1.281	1606	18696.17742	4
175	97626.99	464	0.935	419	19585.07176	4
470	75482.41	1249	1.637	940	19865.78798	4
193	102346.92	522	0.555	423	20198.0758	4
704	57272.19	1366	4.804	1201	27545.76253	4
664	90271.32	1548	2.15	1336	29986.88917	4
562	100474.66	1798	1.366	1289	24534.62053	4
1148	83283.49	2924	1.417	2409	26537.39335	4
677	102515.31	1739	1.321	1422	21972.16992	4
352	50764.23	928	0.869	723	27717.57424	4
662	58329.37	1664	1.739	1348	31334.00151	4
1249	93364.84	3783	1.029	3033	30830.22289	4
316	55329.54	809	1.349	645	30374.27142	4
1245	73087.51	2457	4.008	2321	31359.64493	4
1355	70291.21	3230	3.064	2596	33856.08988	4
453	77635.59	1221	1.351	942	38333.59115	4
460	62520.14	1120	2.802	873	34388.8758	4
1456	72091.71	3640	2.055	2817	33972.11763	4
891	78965.89	2371	1.074	2035	38699.91746	4
1627	78861.38	4286	1.436	3424	40392.9592	4
1858	65330.10	5324	0.78	4329	36950.97519	4
637	85045.52	1744	1.069	1530	31078.40712	4
268	85179.11	968	0.918	690	25701.36333	4
451	85168.20	1340	0.686	1108	29023.64834	4
178	85167.83	523	0.56	436	24816.14548	4
671	90169.62	1656	1.011	1398	23977.3189	4
878	93799.82	2371	0.802	2154	31551.14771	4
401	91655.06	1110	0.541	861	23544.96602	4
759	91223.61	2259	0.676	1675	28258.16946	4
45	92865.76	121	0.536	110	27807.92642	4
290	66449.76	707	0.797	570	21620.08794	4
367	65833.00	781	3.97	622	19629.38288	4
708	65867.41	1276	4.562	1193	19454.49685	4
996	80412.75	2646	1.844	1999	20226.43669	4
870	78994.32	2041	2.325	1634	20095.50634	4
507	98172.34	1028	3.382	879	18330.69738	4
0	99091.13	0	0	0	17471.5339	4
235	58311.51	675	1.846	409	15568.99104	4
1414	58830.14	2751	3.38	2154	14330.61037	4
1377	59548.29	2704	6.729	2112	12179.88586	4
569	58999.89	1154	3.892	960	12585.56333	4
1167	55982.21	3113	3.172	2211	14056.4557	4
1180	71874.14	3024	2.37	2239	15369.98861	4
490	60995.39	1477	1.447	971	13652.84394	4
0	57453.72	0	0	0	16563.43933	4
2	57328.00	3	2.235	3	16117.04747	4
237	59997.82	417	3.082	363	17089.97466	4
400	68905.59	1102	1.551	786	16955.02522	4
662	73742.72	2440	1.81	1423	18943.86144	4
1377	60257.17	2556	7.578	2147	19206.48483	4
811	61423.46	2139	2.199	1518	19260.61055	4
876	80380.14	2766	1.736	1848	20368.99993	4
996	85058.28	3008	1.806	2066	20668.23489	4
711	110735.55	2469	1.884	1599	21811.99805	4
211	109744.32	740	1.41	470	21887.87968	4
1036	97396.06	3116	1.847	2261	21133.95228	4
221	97574.01	633	0.934	530	23253.49536	4
469	97539.68	1273	2.17	1101	20468.68641	4
1736	95799.22	4891	2.816	3620	19144.44092	4
1631	57635.85	3464	6.962	2621	17957.25834	4
167	58249.01	500	2.3	303	17678.82903	4
598	73948.05	1458	3.03	1140	17432.03755	4
875	56011.48	2143	4.683	1621	15689.00114	4
1295	98807.19	4115	1.983	2706	16416.7216	4
1322	88749.31	3967	2.083	2794	19398.65634	4
98	83603.05	310	0	210	18774.33846	4
92	83298.99	247	0.946	190	16497.74434	4
610	75802.54	1383	3.031	1120	15775.48809	4
1324	56937.71	2995	4.057	2291	15676.79925	4
1548	54696.06	3677	4.316	2586	14577.7274	4
1065	53533.78	2541	4.514	1757	13662.84081	4
1153	50366.28	2848	3.725	1877	12126.41931	4
1339	62746.71	3399	2.873	2435	12450.98978	4
54	62898.70	94	6.127	83	11141.81279	4
219	62625.83	452	4.341	354	9665.983845	4
205	59481.77	468	3.199	355	10560.39713	4
948	59524.83	2375	2.371	1690	7965.61808	4
35	59464.00	82	2.115	53	8674.095246	4
247	58217.27	500	2.829	371	7294.879915	4
600	50254.75	1334	4.346	917	8697.222151	4
179	50171.59	593	4.41	338	9153.177435	4
1371	50042.56	3025	3.507	2271	9483.938515	4
41	50032.75	107	1.619	72	10188.45225	4
1951	50565.46	4337	5.065	3001	12111.78815	4
272	82550.49	676	1.757	508	5794.836136	4
384	82464.33	886	2.066	697	5368.797429	4
606	76806.24	1528	2.184	1167	5355.243584	4
1485	57275.24	3816	4.291	2546	6619.772031	4
1658	70638.72	4023	2.515	2976	8176.482021	4
1043	50246.18	2650	3.053	1732	9393.334056	4
1895	36627.80	4084	6.961	2454	9193.808264	4
1464	58254.35	3386	4.696	2367	7875.267277	4
801	48255.33	1887	3.675	1189	11187.49523	4
1129	55391.54	2516	3.645	1766	11326.76865	4
366	60272.12	925	3.248	650	13596.16141	4
667	60038.35	1780	3.367	1194	14227.45045	4
564	47572.20	1596	3.157	1004	14175.73777	4
615	47560.00	1251	5.582	874	12765.34926	4
89	37365.28	189	9.71	136	15549.88028	4
1014	38141.15	2478	6.873	1473	14826.86007	4
1094	40623.70	2643	3.873	1535	12609.22042	4
1485	48570.23	3592	4.089	2294	12555.21621	4
895	51167.10	2161	3.751	1437	10388.16879	4
853	50547.39	1974	4.025	1380	10012.36532	4
1118	40973.78	2475	4.056	1648	13295.79096	4
1058	52034.89	2704	3.68	1764	10576.83271	4
446	48415.61	878	7.932	645	11015.62182	4
514	52763.05	1403	3.076	921	12275.05325	4
864	44110.99	1816	4.786	1203	12836.51459	4
1547	40978.22	3923	4.891	2347	13978.28352	4
423	40387.02	1127	3.048	695	15350.78938	4
2711	39152.43	5590	9.492	3474	14727.11315	4
1878	50651.97	4960	3.676	2898	13237.29113	4
702	42491.10	1957	3.47	1014	12810.70966	4
0	40860.77	0	0	0	11186.72949	4
2249	43433.33	5812	3.484	3331	10008.37585	4
187	39811.98	271	20.604	204	12015.57129	4
626	41805.37	1476	5.798	943	12244.84736	4
292	42351.88	744	11.833	441	12745.33706	4
379	51556.00	994	3.821	611	13596.47231	4
1047	47172.32	2848	3.117	1820	14061.84784	4
1491	39945.34	3967	5.148	2257	12494.59051	4
297	47747.46	740	2.619	459	11502.43596	4
1241	60524.07	3489	2.671	2220	14186.64277	4
964	63185.32	2814	2.797	1732	13823.1312	4
1501	58046.48	4278	3.325	2559	15428.58727	4
1752	64358.01	5533	2.818	3340	14541.72462	4
942	65464.52	3071	3.372	1840	16632.60066	4
1894	78531.98	5247	2.549	3833	18260.52904	4
385	78637.00	1204	2.629	790	16415.20834	4
181	71119.36	561	1.785	373	19270.03086	4
736	70822.96	2383	1.997	1525	19622.03339	4
567	70792.69	1613	1.85	1163	21277.26642	4
90	68060.48	242	1.484	200	21347.99897	4
18	68041.51	46	1.509	35	22044.56721	4
11	68098.24	24	0.53	23	22333.52306	4
1	68042.42	1	0.126	1	20447.07154	4
8	68049.05	18	8.782	15	20409.81155	4
1037	76782.12	3574	2.435	2231	17953.35842	4
927	68085.81	2926	2.47	1875	20102.81243	4
1659	40899.79	4209	5.864	2526	16737.93423	4
1875	57608.86	5070	3.993	3367	18506.02939	4
461	67655.31	839	5.931	741	19278.72836	4
420	57724.10	1174	3.486	734	17375.42082	4
108	51904.04	320	1.319	185	17423.2493	4
7	51814.00	19	1.009	13	17340.64342	4
67	51785.31	189	3.968	124	15741.40521	4
6	49791.75	49	2.78	9	16055.73563	4
2098	46173.48	5729	3.608	3420	15501.92241	4
1670	36934.97	4396	6.698	2450	14132.46569	4
1546	51650.36	3665	3.409	2496	14481.72414	4
495	51814.58	1516	2.944	920	16649.08411	4
2	49741.62	6	0	4	18753.2985	4
849	44616.65	2106	4.449	1367	19244.3631	4
693	66605.96	1771	3.223	1251	21352.09738	4
1	65116.83	2	0	2	20171.01423	4
1950	74193.15	5916	2.756	3885	23290.01425	4
589	71539.57	1948	2.644	1260	23587.14529	4
634	77494.56	1999	2.393	1342	23417.42415	4
2029	67378.10	5466	3.373	3924	21409.06297	4
0	67194.62	0	0.753	0	19321.91835	4
1812	68122.19	4587	3.237	3426	19943.7871	4
1192	69200.87	3104	2.935	2218	20284.00434	4
1116	83010.03	3361	2.353	2291	20696.51625	4
1026	102283.78	3345	1.673	2327	22674.42503	4
2022	96274.53	6674	1.82	4557	25878.17203	4
1491	87298.21	4230	2.587	3037	26395.24214	4
1181	81803.93	2954	3.216	2264	21423.60091	4
8	67363.73	18	1.541	13	21700.17732	4
1261	75276.50	3314	3.049	2484	24273.45753	4
611	77584.29	1708	3.065	1255	26037.93403	4
71	75225.47	213	0.776	166	26453.54577	4
24	87080.26	66	0.32	56	28426.04504	4
679	66029.00	2105	2.678	1369	23387.12856	4
180	66034.53	494	1.553	353	25452.92436	4
550	63965.58	1446	2.305	1196	25947.41036	4
1061	65996.40	3212	2.261	2097	25506.83506	4
2129	68070.31	6882	2.843	4318	24066.41704	4
1641	73914.93	4668	2.841	3443	24999.45437	4
1185	54282.24	3386	2.816	2274	28658.49622	4
409	66803.66	1318	1.048	981	31122.67089	4
81	66883.99	225	0.598	186	28185.38976	4
502	66908.06	1434	1.082	1166	29598.45054	4
552	66873.44	1709	0.925	1313	35753.82565	4
157	75867.06	507	0.749	375	36605.03948	4
194	75878.00	527	1.948	434	33189.11149	4
347	75875.92	1029	0.927	810	38283.05985	4
590	78616.46	1932	0.584	1444	34522.93856	4
683	78675.98	2033	0.649	1627	32184.89922	4
511	78660.16	1665	0.587	1249	30848.84968	4
874	78479.15	2688	0.642	2087	39457.88372	4
0	30951.32	0	0	0	1466.330327	5
929	28967.37	1553	394.145	787	1161.114931	5
558	29026.75	914	395.464	443	1433.830029	5
6	28311.81	11	214.286	7	1663.557535	5
124	32310.38	205	0	137	2509.171783	5
0	28926.60	0	0	0	1194.592252	5
1283	28912.04	1725	509.936	874	1250.402994	5
650	28921.00	946	0	424	780.2760047	5
0	29121.98	226	0	0	30.62503326	5
17	28921.00	29	0	19	728.1921429	5
0	22179.36	0	0	0	1680.338166	5
0	34356.06	0	0	0	1352.486394	5
24	34526.69	32	37.441	27	1743.156904	5
3086	39137.58	8460	6.086	4594	3140.724369	5
167	34583.83	639	12.169	244	1609.965361	5
472	21750.25	1589	8.45	654	3883.481173	5
1085	41516.66	3397	5.283	1673	3108.021944	5
253	22459.76	781	4.689	417	3831.845939	5
0	6.92	0	0	0	6585.981736	5
0	194.03	0	0	0	9800.567576	5
741	63777.65	2280	1.473	1517	11758.47188	5
989	47026.54	2819	3.243	1772	10151.03664	5
755	46783.23	2000	4.2	1288	7569.645217	5
182	37701.42	496	2.309	318	5963.960895	5
496	38288.95	1263	6.614	712	6922.965244	5
1289	39728.09	2694	15.114	1730	7639.065033	5
1096	40656.30	2576	6	1553	7412.374255	5
1245	37354.51	2881	6.26	1768	6598.897006	5
663	38194.33	1695	4.599	953	5875.358092	5
870	25827.61	2688	5.09	1383	3780.532328	5
1965	36796.73	5683	4.642	2992	5452.784287	5
1883	34462.80	5458	7.079	2755	4692.666989	5
2231	36295.39	7449	7.422	3218	3249.419539	5
345	30774.48	1115	10.191	494	3294.026589	5
27	26479.10	357	0	43	2485.718725	5
691	28273.22	2225	8.949	927	3244.156267	5
2039	33670.16	6646	7.568	2926	4240.499942	5
878	31449.98	3112	7.906	1231	4581.406905	5
1336	34476.70	4271	7.34	1922	5044.362478	5
11	30458.26	27	0	16	4136.805132	5
958	34856.17	2718	7.868	1400	5572.853456	5
2347	31222.39	7071	7.682	3386	6583.090257	5
2236	38667.07	5711	5.553	3397	8225.118974	5
1837	51089.34	4799	4.482	3074	9419.858444	5
1818	35116.95	4268	6.403	2572	8255.073788	5
1337	38006.40	3769	4.366	2137	8007.363561	5
846	43355.92	2051	5.868	1318	6196.450992	5
957	40920.15	2716	5.195	1410	6259.234286	5
2415	36575.35	6902	6.654	3596	6191.39466	5
1426	24261.86	4365	7.531	1984	5483.524611	5
1333	28660.38	4003	6.286	1825	3836.716085	5
194	30923.36	542	7.041	261	2666.762739	5
554	12503.32	1596	10.112	584	3158.093826	5
2	30871.67	29	0	3	1725.386764	5
56	11630.78	322	486.957	68	2065.794456	5
3155	36387.67	6243	13.682	3906	2004.631149	5
1001	19637.45	2597	12.333	962	2069.208965	5
1777	31020.84	6753	7.852	2378	2829.080931	5
2077	34338.23	5801	6.629	2959	3861.375465	5
2930	33530.52	6488	7.65	3832	5845.140759	5
2395	53783.70	5623	4.612	3775	6009.116624	5
3011	44777.33	7266	7.145	4729	7261.183381	5
745	42691.10	1284	17.972	946	6491.761325	5
934	38980.95	2685	6.418	1332	6620.999049	5
1364	38586.55	3065	6.635	1967	5087.676913	5
2404	30241.06	7906	7.518	3416	4475.443319	5
1858	40189.89	4604	7.135	2256	5894.037274	5
498	21169.20	1241	38.873	361	5265.380039	5
752	26446.04	2513	6.632	1006	3665.393899	5
2740	41804.17	7149	8.25	4004	3571.145588	5
1512	33964.61	3814	7.082	2248	4928.252139	5
2059	57510.28	4387	6.746	2798	5525.102427	5
2975	52408.30	5964	7.982	4270	3852.508334	5
258	27017.37	494	258.776	232	2040.682048	5
334	31827.09	688	9.839	444	1117.159844	5
706	30594.18	1515	7.93	797	2141.266174	5
376	32666.95	833	6.899	553	2346.243653	5
477	46969.71	1235	4.943	788	4201.043834	5
894	37436.76	2215	5.65	1324	3306.024754	5
1065	40426.52	2594	6.115	1496	4205.881885	5
370	39260.85	933	5.885	574	4545.384616	5
579	39917.82	914	13.851	677	5721.566168	5
2013	55261.04	4406	4.592	3286	6500.2074	5
1986	49367.79	4089	6.681	2774	5258.520134	5
922	62214.51	2182	6.103	1457	6513.995983	5
972	62921.95	2243	6.284	1530	7480.426451	5
1556	61132.73	3512	5.132	2523	7696.890358	5
1650	26088.37	2945	13.446	1950	7505.647491	5
1945	50800.09	4344	5.123	3003	8596.386813	5
621	40023.74	1082	7.464	810	9606.660367	5
947	62540.08	1999	5.321	1539	8895.781638	5
1149	62908.98	3329	6.512	2021	8410.980587	5
1437	62252.87	3428	6.433	2298	7984.960849	5
649	69478.73	1696	5.265	1180	8004.004552	5
1473	50235.85	3276	7.229	2058	7943.94819	5
540	59927.14	2318	6.205	875	6484.626933	5
1330	40771.47	3063	7.809	1874	6364.248307	5
1978	45468.78	6391	6.786	3318	7552.342887	5
403	61085.42	938	3.674	687	7330.858977	5
834	32127.78	1872	12.801	978	7252.304079	5
2074	32051.07	4533	7.674	2595	7992.2396	5
30	35646.24	44	17.251	32	6518.523039	5
39	30753.90	77	6.24	45	5588.001559	5
643	26454.07	1187	10.313	760	7300.284757	5
493	38165.01	1090	11.047	769	8451.272384	5
690	44357.49	1610	4.87	1101	6822.017203	5
1	39871.57	5	0	2	6561.451272	5
1387	42384.89	3446	6.7	2176	6419.920976	5
619	32258.08	2047	10.407	1057	8464.276843	5
1500	68899.66	3698	2.871	2773	11388.12667	5
2	68979.47	6	0.336	4	9833.010463	5
445	68935.53	1132	2.834	814	8781.039764	5
220	42438.41	516	2.056	337	8730.574047	5
580	41603.33	1407	2.648	927	9671.7489	5
1402	41600.11	2965	4.912	2062	10009.01581	5
830	50309.46	2180	2.878	1524	11754.01507	5
887	51199.11	1971	4.259	1425	10607.98893	5
754	52600.65	2219	3.252	1404	11464.22681	5
557	50744.78	1311	4.301	798	12308.92192	5
921	50452.69	2450	2.769	1584	10421.67908	5
1080	47485.24	3057	2.655	1888	14961.77376	5
809	49880.90	1916	3.469	1278	14200.75914	5
105	49270.01	180	8.039	123	13673.15015	5
76	65153.91	119	7.761	111	12613.22613	5
385	56984.87	1003	2.208	667	12022.30655	5
581	49275.25	1189	3.706	872	12255.60267	5
199	67041.07	602	1.912	387	10122.88421	5
404	50663.83	1050	3.125	699	8640.985149	5
1024	50405.41	2563	2.884	1749	9260.47262	5
376	49446.06	1067	1.665	693	8455.774058	5
521	49261.93	1512	2.876	935	6993.778516	5
397	43222.52	1016	3.142	669	6618.598427	5
141	41871.24	349	3.116	233	8148.262063	5
835	50342.17	2105	3.766	1434	8730.470004	5
442	62620.35	1181	1.987	836	9783.249672	5
2107	60648.53	5483	3.014	3623	11272.29898	5
775	48338.08	1897	4.697	1269	13759.90259	5
182	47944.65	282	7.288	248	13104.88044	5
597	47130.49	1516	3.647	981	12884.17018	5
796	54688.87	2369	3.216	1489	12640.67091	5
1596	41065.30	3299	4.527	2379	7829.379522	5
1044	54405.87	2600	3.37	1809	9031.216477	5
1975	55577.23	4531	3.309	3323	10658.297	5
912	57340.99	2116	2.907	1563	11441.49657	5
657	45492.72	1389	4.119	997	11847.65427	5
883	57318.54	2051	3.557	1542	9965.135066	5
1208	55323.21	2730	2.63	1938	9164.54303	5
1114	51768.64	2653	3.515	1752	8611.032646	5
190	51145.52	450	11.434	248	10162.67326	5
351	52811.84	537	14.221	441	9372.669655	5
0	51695.00	0	0	0	9489.979687	5
49	45060.80	62	8.523	61	10902.84242	5
346	44891.88	785	2.852	546	10219.30607	5
406	44989.12	813	4.029	556	10886.85784	5
1007	45153.56	2059	5.093	1352	12379.53193	5
466	51892.92	1832	3.628	799	11646.90126	5
174	51694.71	445	3.069	246	10136.68533	5
206	51837.21	685	2.386	381	10139.9902	5
0	51695.00	0	0	0	9274.174998	5
374	51423.22	813	3.293	590	8730.151489	5
2	51695.00	4	1.776	3	7963.137373	5
103	50849.64	177	7.352	150	8672.438196	5
943	45418.47	2171	2.925	1515	6992.53711	5
814	55617.49	1931	2.813	1240	8156.780337	5
557	56373.32	1222	3.242	908	8962.928395	5
780	55867.38	2034	3.222	1239	9410.740369	5
1456	37755.94	2624	6.693	1978	9518.862198	5
231	58894.22	641	1.651	440	8791.382597	5
1164	38071.75	2332	6.589	1691	10266.1811	5
761	50850.39	2118	2.193	1507	12739.89263	5
560	54405.74	1523	2.406	968	14549.71853	5
367	54951.63	894	4.523	627	15004.55416	5
405	54979.00	1119	2.851	734	17551.47924	5
658	54978.95	1592	4.034	1109	16622.54012	5
780	53363.26	2126	3.043	1373	18098.98724	5
736	52828.93	2023	2.854	1300	17291.44686	5
870	52824.30	2261	2.939	1502	16487.87864	5
1183	52684.89	2624	3.49	1879	15459.0008	5
717	57089.88	1864	2.007	1360	17828.59055	5
641	49346.26	1402	3.093	1127	18663.64843	5
736	66370.04	2332	1.521	1721	21915.88762	5
351	51525.61	824	3.406	605	18957.56921	5
2129	54592.35	5807	3.298	3927	18079.85938	5
1535	53726.04	3596	2.655	3094	16328.71911	5
395	71356.00	1045	2.036	882	21502.10989	5
850	71459.47	2425	2.048	1936	20839.59404	5
621	71534.28	2008	1.792	1383	19414.32698	5
98	51848.00	300	2.21	221	13597.90219	5
1565	51848.89	3927	2.509	3217	13475.9462	5
2159	69545.23	5772	2.898	4831	16295.68066	5
1390	142494.50	4107	0.644	3496	22295.05262	5
324	69399.88	764	2.333	595	13562.40157	5
1	69134.32	1	7.194	1	14856.20713	5
267	60869.66	821	1.791	555	16159.22797	5
0	60702.42	0	0	0	18855.05375	5
372	60610.62	871	3.82	726	15385.85289	5
586	60720.00	1487	2.408	1288	16150.32792	5
222	69029.10	616	1.595	513	14437.19683	5
165	34990.63	1988	3.903	332	13847.89078	5
1406	66596.28	3906	2.302	3157	11999.77917	5
948	60146.31	2724	2.132	1794	13174.00422	5
1185	60134.57	2337	5.208	1959	13227.70192	5
51	60328.52	125	1.83	87	14691.11335	5
549	63254.12	1472	2.148	1082	14663.65225	5
300	67434.83	485	5.138	470	14883.5326	5
1618	67758.65	3783	3.235	2987	15937.87407	5
495	67803.06	1374	2.559	969	14936.43007	5
1553	82287.20	4310	2.118	3122	17494.11405	5
1218	58658.36	3077	3.044	2408	21710.59058	5
1282	80472.43	3665	2.681	2729	21165.20059	5
930	102845.39	2588	2.448	1993	21161.48206	5
0	54030.11	0	0	0	20034.69872	5
1787	58300.78	5010	2.27	3402	19841.54046	5
1134	56120.52	2208	4.086	1711	16560.58373	5
506	54625.93	1413	2.144	901	15576.35124	5
501	44214.09	1446	3.812	855	16704.49454	5
1138	44707.28	2766	5.623	1815	17120.54561	5
405	63067.58	1119	2.368	759	14842.80577	5
366	66085.25	884	3.983	641	14046.5909	5
831	66347.94	2210	3.303	1565	13039.50666	5
1424	63097.15	3516	3.071	2547	13890.28975	5
211	63009.03	587	2.552	415	14628.86961	5
571	40968.43	1634	4.71	994	12628.67701	5
243	43577.23	524	19.099	385	10590.21522	5
2113	53926.15	5237	4.545	3589	12417.32554	5
429	60458.75	1252	2.347	802	10869.38936	5
3027	42114.09	6193	6.34	4351	11209.98696	5
304	37492.93	596	7.093	380	9596.155336	5
1242	75060.07	3861	0.643	2980	48293.29615	6
719	75058.42	2197	0.575	1717	55965.80839	6
450	49798.28	1440	1.306	1011	63417.71547	6
266	53211.65	806	0.366	588	70403.69973	6
166	53214.00	496	0.388	365	72243.17955	6
1396	53214.00	3789	2.366	2925	65052.87982	6
144	53241.95	472	0.455	326	57463.62985	6
1349	54839.54	3833	3.481	2902	53692.0589	6
246	54840.79	765	0.542	556	57300.13139	6
188	54844.80	542	0.646	414	48543.87068	6
851	80469.21	2556	0.754	2050	48405.57664	6
204	80702.60	643	0.761	492	46801.52495	6
477	80698.71	1537	0.525	1158	41878.58179	6
162	75846.86	482	0.575	374	42526.37775	6
763	80206.37	2352	0.795	1820	40234.21294	6
1521	70716.72	4277	3.278	3126	39472.86719	6
1067	80298.31	2951	1.95	2450	37623.24803	6
61	87199.82	190	1.927	149	36653.85305	6
64	79675.54	178	1.318	153	40292.25473	6
1224	69791.11	3262	2.621	2383	41427.24511	6
44	54840.19	244	0.67	108	49886.49471	6
47	54153.13	208	3.889	115	43850.40152	6
291	54031.31	925	0.774	672	42526.19992	6
689	65272.32	2026	0.854	1609	41591.34797	6
314	76496.29	864	1.065	725	39867.15815	6
332	52738.43	785	3.804	665	38448.89518	6
840	63842.19	2268	4.412	1795	38151.41193	6
1324	68558.95	4175	2.479	2984	37454.14528	6
732	50360.25	2232	2.953	1515	36755.9421	6
1517	45240.52	3786	4.697	2782	36324.7096	6
116	54064.28	230	7.05	205	37025.60676	6
857	64129.29	2383	3.272	1880	37618.81307	6
854	60466.97	2012	5.06	1748	36346.37372	6
145	74177.57	458	0.667	348	35703.4434	6
224	60468.08	591	1.267	482	32534.96467	6
37	60465.22	63	0	68	31487.48289	6
1	56818.08	1	0	1	26311.53423	6
707	71736.61	2223	1.839	1688	33308.58493	6
854	56804.46	2089	3.769	1498	29532.08071	6
1112	75338.34	648	2.476	2598	31891.60595	6
208	74890.51	5127	1.045	499	35887.42711	6
2131	87863.78	7026	2.244	5113	38095.6574	7
455	84161.58	1283	0.58	1072	31783.13011	7
173	75424.49	505	0.851	400	23698.21728	7
135	75332.46	387	0.608	311	28014.55054	7
1728	82191.88	5892	2.675	3814	24066.93326	7
1052	75301.17	3591	2.599	2284	23111.13076	7
259	72270.86	847	1.754	614	20818.28906	7
196	63358.43	610	1.336	453	18621.09284	7
901	66837.57	2524	2.939	1836	21365.32066	7
1858	57509.72	5373	2.785	3693	21866.77971	7
271	78275.72	790	0.698	628	25574.49076	7
189	77470.74	483	0.601	421	24887.94929	7
786	54638.91	2307	2.958	1703	21088.24366	7
708	51276.37	1885	2.518	1311	21523.76298	7
459	50818.12	1171	3.111	846	22903.44295	7
265	45373.00	736	0	494	0	7
317	45373.00	890	0	592	0	7
0	45373.00	0	0	0	12036.38842	7
838	45646.93	2093	2.076	1547	14832.74959	7
386	103938.10	1169	0.652	938	16627.58211	7
124	104692.59	399	0.63	307	20313.65707	7
35	104645.19	137	0.35	91	23539.26882	7
873	104579.16	2710	1.884	2131	20634.73244	7
946	97315.25	2873	2.342	2043	17378.33778	7
1066	74175.45	3515	2.88	2326	15244.94301	7
1658	54645.23	3542	4.326	2714	13534.51222	7
320	54448.59	732	6.669	534	13140.17182	7
367	51917.46	690	8.749	564	12860.63981	7
1571	52068.53	3970	3.764	2791	13186.019	7
65	81656.87	116	2.127	104	14033.21614	7
652	81751.84	1463	4.611	1142	14333.19268	7
633	82519.93	1478	2.828	1227	15914.02631	7
789	73404.77	1955	2.188	1729	20411.54019	7
291	84196.45	834	0.571	689	28342.42435	7
594	71045.60	1484	1.577	1292	30791.20095	7
807	71056.83	2272	1.15	1833	27701.97017	7
244	93831.17	795	0.553	606	25032.6488	7
413	61209.97	1137	0.995	952	20786.24341	7
312	60198.56	984	0.682	753	16168.80796	7
531	60079.77	1418	2.686	1210	19157.54492	7
60	59871.93	200	0.339	147	15525.64801	7
417	50181.69	920	3.1	721	14530.79896	7
1897	69375.90	5725	2.653	3820	14686.29222	7
1409	49572.97	3650	3.697	2394	10905.32666	7
2520	49113.04	5767	4.159	4133	12599.86474	7
507	54868.68	1553	1.604	986	12583.26916	7
1252	61039.15	3085	3.964	2270	13949.99994	7
1505	47899.50	3730	2.899	2656	15196.34201	7
388	48541.56	949	5.072	653	15194.76101	7
518	61181.57	1583	2.235	1044	15946.40067	7
799	93321.89	2419	0.679	1919	19729.26671	7
294	94040.87	912	0.647	716	19301.01194	7
864	81425.85	2628	0.984	1893	25774.42938	7
763	51485.26	3162	2.312	1740	29814.54592	7
569	39599.13	1406	5.531	1085	29690.04797	7
12	49818.18	15	16.194	17	30062.27802	7
881	48549.12	2079	3.85	1576	29161.81462	7
1106	49554.62	2710	3.558	2021	28392.50166	7
0	63526.14	0	0	0	26189.69329	7
976	63621.55	2375	3.791	1839	26556.06111	7
1104	67967.16	3240	2.027	2328	27355.67706	7
1025	86577.62	3044	1.524	2320	30126.51738	7
1253	50129.53	3113	3.262	2323	29902.40322	7
32	46988.85	87	1.892	64	30852.42907	7
346	95590.70	1054	0.448	850	25405.13167	7
376	95454.65	1028	0.539	895	21058.09518	7
185	106740.06	502	0.511	446	22979.92333	7
1264	71620.70	3472	2.049	2527	21215.05856	7
770	67582.37	2264	2.047	1600	18975.9199	7
477	85934.74	1544	1.615	1018	16587.42495	7
847	76341.82	2524	1.475	1806	18356.00939	7
320	102911.36	990	0.385	798	31833.9848	7
500	95591.17	1485	0.423	1220	28545.97621	7
329	94819.42	953	0.527	790	34176.41105	7
1007	77845.22	2928	0.538	2377	39711.47124	7
995	61336.53	2778	0.922	2198	34425.93938	7
609	75323.84	1995	0.833	1476	31075.51927	7
273	75301.63	852	0.938	651	24995.54301	7
248	59738.83	738	0.815	555	32605.68807	7
254	77795.31	602	0.887	561	48031.3346	7
1294	68036.36	3692	0.615	2972	50477.14753	7
1473	69957.88	4213	1.319	3394	48138.80101	7
743	71815.25	2291	0.788	1755	40001.92203	7
90	71821.00	269	0.426	211	35148.45977	7
66	52377.25	182	1.11	132	40046.18708	7
1041	39857.38	2405	6.306	1766	40139.15478	7
296	38879.00	805	2.941	583	42411.21706	7
1100	47299.25	2718	3.311	2158	39856.3777	7
