1523
1525
1552
1554
1555
1562
1571
1586
1593
1623
1626
1627
1638
1667
1672
1688
1690
1778
1785
1819
1877
1915
1918
1921
1928
1930
1960
1979
1997
2016
2017
2064
2082
2096
2110
2120
2125
2133
2142
2145
2175
2176
2177
2178
2206
2323
2443
2445
2446
2447
2452
2467
2479
2480
2514
2623
2628
2762
2947
2954
2961
3070
3083
3124
3125
3179
3185
3224
3439
3781
3801
3812
3865
3866
3916
3960
3989
4022
4023
4037
4042
4047
4053
4054
4058
4060
4061
4062
4063
4069
4082
4093
4102
4116
4117
4118
4119
4126
4131
4132
4141
4142
4145
4190
4224
4229
4230
4235
4356
4363
4384
4408
4442
4471
4479
4482
4496
4686
4687
4692
4736
4750
4751
4762
4779
4782
4788
4789
4800
4806
4828
4830
4833
4835
4836
4871
4873
4889
4914
4916
4918
4920
4995
5044
5045
5055
5067
5078
5094
5138
5141
5142
5155
5157
5167
5332
5351
5357
5364
5365
5618
5747
5848
5852
5855
5857
5883
5951
5991
5997
6003
6010
6012
6017
6240
6249
6259
6265
6266
6328
6515
6651
6689
6694
6705
6706
6711
6733
6828
6875
7004
7077
7105
7115
7180
7212
7222
7580
7707
7717
